3400
-36.1975 261.884 106.279
-36.0748 262.248 108.626
-36.1328 260.387 106.968
-35.7438 260.414 105.259
-35.6695 263.497 107.585
-35.5105 263.609 105.843
-35.6879 261.866 104.914
-35.3839 259.01 110.523
-35.1814 257.777 109.383
-35.5631 259.009 106.324
-35.0293 262.834 109.633
-35.5357 262.747 109.887
-34.8576 259.044 104.199
-34.0642 258.642 113.53
-34.1316 260.447 113.545
-34.8506 258.124 106.157
-34.3694 256.882 108.759
-34.0555 260.009 102.033
-33.819 264.04 103.493
-34.5335 264.772 107.563
-34.3055 263.18 111.26
-33.5848 262.225 113.255
-34.3493 264.965 106.182
-34.029 258.721 102.518
-33.8488 256.731 104.168
-33.7887 262.197 101.983
-32.7532 265.167 110.304
-33.5428 256.505 114.269
-33.5071 255.933 111.593
-33.4481 255.722 113.076
-33.1337 266.193 107.009
-33.0959 255.087 108.366
-33.0641 263.286 112.242
-33.0915 255.369 106.566
-31.9732 267.126 105.719
-32.9433 261.082 101.151
-31.1893 257.128 117.534
-32.8284 258.616 101.839
-32.9753 264.068 102.422
-32.6825 254.425 111.864
-33.2094 257.494 102.822
-31.5863 253.459 115.689
-30.8831 260.962 116.49
-32.0082 256.069 104.201
-32.3935 263.008 101.43
-32.6035 263.464 111.188
-32.1884 267.589 107.428
-32.0856 260.246 101.195
-32.2735 253.945 110.161
-31.7175 254.087 116.756
-32.3031 255.156 105.869
-31.5221 264.52 102.05
-32.2302 254.37 107.895
-31.6445 256.415 117.408
-31.5767 267.286 110.44
-29.7386 257.802 119.099
-31.7545 255.01 117.475
-31.0027 265.87 103.015
-31.0495 269.108 107.421
-31.3039 263.145 101.197
-31.9858 263.253 111.256
-31.071 266.729 112.061
-30.8377 257.893 102.887
-31.4605 263.282 113.169
-30.8969 261.967 101.123
-31.193 252.973 114.623
-31.057 253.571 109.593
-30.895 254.291 107.382
-30.4188 259.567 102.093
-31.1114 268.985 109.904
-31.389 264.001 112.241
-30.511 252.986 112.749
-30.251 270.734 109.853
-29.7662 271.988 112.399
-29.1673 258.983 118.99
-29.8183 255.018 106.591
-29.6569 269.075 104.994
-29.4265 266.103 114.848
-28.6748 265.11 115.131
-30.0082 271.674 110.979
-28.2677 262.947 111.399
-29.2001 270.074 114.945
-29.4559 253.391 120.842
-29.722 263.19 112.589
-29.0698 252.398 120.924
-28.8208 265.408 102.908
-29.0305 260.575 117.496
-28.6322 262.674 111.193
-28.7088 251.332 118.086
-28.9671 256.15 105.952
-29.5071 254.699 120.862
-27.7709 272.074 107.685
-28.5176 262.855 110.477
-28.4652 252.864 112.633
-29.4023 253.912 109.192
-28.9573 263.199 102.287
-28.7185 251.583 120.269
-28.3054 261.226 116.572
-29.0546 273.443 112.447
-28.6724 269.16 115.903
-28.8166 251.875 115.458
-28.2664 264.214 114.167
-28.3162 272.152 109.029
-27.9729 260.228 103.121
-28.1649 273.025 114.76
-28.6812 273.849 111.161
-28.5804 259.001 103.614
-27.879 267.068 116.478
-27.8193 269.909 104.861
-27.1051 252.827 125.208
-27.2464 269.076 104.149
-27.5015 258.949 104.715
-27.1935 260.878 116.126
-27.6372 254.231 109.842
-27.7476 264.901 103.482
-27.7636 257.17 121.755
-27.227 274.261 109.24
-26.6331 250.912 125.642
-26.9232 275.491 115.539
-26.4767 261.51 106.678
-27.5937 261.365 103.583
-26.9745 261.703 108.455
-26.3053 276.843 114.789
-27.1018 258.241 120.565
-26.9132 272.781 117.365
-27.1011 274.496 116.412
-25.3191 271.551 119.313
-25.9768 250.212 120.191
-27.1906 260.393 104.302
-26.2301 260.296 112.223
-26.8598 261.393 105.41
-26.4052 252.719 113.952
-26.3012 272.183 118.371
-26.6861 259.757 105.177
-26.2932 253.669 126.614
-26.4978 276.524 113.379
-26.3162 264.476 105.022
-24.5989 248.083 128.781
-26.9756 262.213 108.846
-25.7924 254.736 110.776
-26.7123 261.17 106.671
-26.1375 268.386 104.569
-26.4178 264.317 114.282
-26.3792 278.302 119.983
-26.5688 260.882 105.12
-26.2469 256.907 108.247
-26.2894 274.189 108.187
-26.3777 258.32 107.022
-25.7854 249.038 125.462
-26.9541 263.239 112.727
-25.8759 262.439 108.871
-26.2006 278.712 118.653
-25.4966 277.412 113.016
-25.4933 255.674 125.041
-24.3184 247.87 126.315
-25.3512 253.875 127.958
-25.9021 275.253 120.713
-24.7376 269.703 119.139
-26.0348 267.04 117.403
-25.9203 259.602 108.021
-25.7327 265.808 116.378
-25.7711 262.723 107.803
-26.0257 257.411 121.459
-25.6487 279.439 117.22
-25.6632 259.395 110.113
-26.0481 259.693 115.944
-25.2666 253 114.557
-24.8435 250.299 120.304
-23.9194 249.033 131.434
-25.2615 273.894 121.323
-25.5653 280.215 121.37
-25.1453 263.21 111.008
-25.7679 278.85 121.612
-25.0325 263.887 112.954
-25.0898 257.071 120.187
-25.0148 276.562 110.944
-25.1575 272.959 106.902
-25.1676 255.666 110.872
-24.564 265.911 107.294
-24.8708 257.004 110.964
-24.451 256.91 116.179
-24.9148 275.487 122.477
-24.3677 250.967 119.373
-24.4216 255.754 123.258
-24.0212 253.875 129.006
-23.9017 250.641 131.703
-24.6346 281.536 119.77
-24.1849 281.743 122.9
-23.5793 271.178 120.551
-23.9998 265.684 115.581
-24.2955 280.907 116.525
-24.3255 280.672 123.971
-24.1653 270.996 106.516
-24.3526 253.873 114.675
-23.5821 277.155 124.394
-24.3294 254.999 113.541
-23.8424 265.14 110.462
-23.3602 269.606 107.209
-24.0329 252.076 118.168
-24.1798 247.365 128.693
-24.0721 282.306 121.542
-23.7286 279.721 114.33
-23.9842 255.523 115.959
-23.0018 252.275 132.068
-23.9838 275.538 109.409
-23.6486 254.89 121.078
-23.2262 283.364 121.55
-23.8425 264.49 112.938
-23.1652 274.963 124.265
-22.9455 268.353 118.59
-22.7995 283.365 119.954
-22.7145 270.144 120.085
-23.3819 273.329 107.829
-23.06 247.766 126.238
-23.4579 252.576 119.092
-22.9935 281.105 125.588
-23.9906 273.268 122.475
-23.0057 254.036 127.416
-22.6832 246.693 128.443
-23.2417 253.556 120.197
-23.1297 265.363 111.911
-22.4543 248.48 125.091
-23.1385 282.86 123.707
-23.0726 250.923 121.663
-22.7505 267.566 110.745
-22.6938 268.332 109.183
-22.3178 279.69 113.591
-23.0697 247.528 131.267
-21.7713 282.322 116.774
-21.9551 253.149 129.948
-22.7202 271.773 107.639
-22.1692 273.96 124.507
-22.3182 267.261 116.808
-22.7503 252.307 121.834
-22.222 253.144 131.272
-21.331 272.84 124.067
-21.0784 250.491 134.948
-22.1813 266.536 115.138
-22.0957 246.242 130.223
-21.6629 252.436 133.487
-22.0308 270.339 108.515
-21.5676 250.717 125.262
-21.4346 277.945 126.324
-20.8192 248.024 134.927
-21.9787 314.723 -19.2532
-21.9511 313.651 -18.7182
-22.0867 284.372 122.878
-21.7135 277.574 111.39
-21.8941 316.465 -18.0401
-21.259 248.337 126.311
-22.306 315.216 -18.5292
-21.4206 271.573 121.432
-22.0046 283.72 124.47
-20.9178 267.706 114.481
-20.5976 268.514 113.927
-21.1057 280.665 127.097
-21.9109 315.635 -19.3438
-19.4871 244.869 132.056
-21.6213 282.507 126.195
-21.2242 313.715 -17.976
-21.0314 275.556 125.874
-21.105 284.933 121.624
-21.2287 251.21 126.575
-20.9862 316.035 -17.6836
-21.0552 313.885 -19.1807
-21.574 314.971 -17.6088
-20.9064 321.861 -15.9839
-20.7203 275.492 110.779
-21.1046 321.682 -16.8097
-21.154 320.92 -17.976
-21.2694 311.904 -17.5519
-20.5516 252.574 130
-21.2425 312.456 -18.4029
-21.3786 312.887 -17.5121
-21.5008 318.488 -18.6947
-20.978 245.522 129.718
-21.0474 317.543 -17.0194
-20.8033 273.317 109.987
-20.9782 246.84 127.578
-20.2086 269.023 116.787
-20.5913 253.859 131.317
-19.6823 254.751 133.184
-20.6225 316.423 -20.115
-20.3809 249.342 127.963
-21.2285 252.148 128.301
-20.8008 284.54 119.789
-20.4093 311.838 -18.1564
-20.6067 313.569 -18.4073
-20.6015 314.504 -17.0704
-20.4002 320.829 -18.3717
-20.3716 311.86 -17.3372
-19.7485 246.008 128.54
-20.5896 314.496 -18.6611
-20.8545 281.288 115.188
-20.6587 285.108 123.537
-20.4084 284.619 125.255
-19.3605 272.502 113.417
-20.1519 270.571 113.739
-19.5431 251.501 136.819
-18.4686 274.73 126.474
-20.0052 247.547 127.729
-20.5311 315.339 -18.002
-20.0007 278.507 113.236
-19.055 272.384 123.296
-20.1591 320.261 -15.1741
-19.7986 272.799 111.616
-20.569 311.155 -17.1383
-19.6624 271.803 121.047
-20.1598 250.349 128.718
-20.0804 315.597 -17.4161
-20.0832 314.892 -19.625
-19.9128 313.789 -16.7276
-20.1827 282.473 116.972
-19.9405 310.26 -17.54
-20.021 283.21 126.851
-18.4598 277.774 127.95
-19.4883 323.773 -13.8087
-20.1558 322.716 18.5772
-20.1357 321.356 21.4856
-19.9874 312.051 -16.3555
-20.0757 319.028 -19.1413
-19.8158 285.21 119.184
-19.3511 310.424 -16.5042
-19.6655 312.136 -17.577
-19.3585 310.555 -17.7272
-19.9525 319.996 23.9968
-19.9711 319.724 19.6276
-19.5647 312.951 -18.1659
-19.7126 246.252 134.531
-19.3354 286.282 121.218
-19.1222 314.158 -17.0229
-19.8577 283.901 117.652
-19.8103 317.817 23.9983
-20.0296 253.695 134.843
-19.5298 323.098 12.6914
-18.6631 254.801 132.189
-19.7254 321.911 23.0615
-19.5263 324.31 12.7666
-19.7157 324.037 18.3397
-18.8323 327.216 -14.6336
-19.2359 280.852 128.019
-19.2909 285.073 116.331
-19.4378 318.8 26.4887
-18.8826 326.901 -13.5231
-19.0791 281.196 116.451
-19.3563 325.44 13.4953
-19.4613 317.462 20.9989
-19.0314 275.583 113.02
-18.7973 245.099 134.429
-18.7426 315.047 -19.7167
-19.2804 319.18 16.5919
-19.2597 282.675 116.536
-19.2323 321.223 -13.5338
-18.5286 312.81 -18.7443
-18.6643 312.549 -16.1175
-16.9858 243.777 132.977
-18.2687 327.338 -15.4386
-18.8589 323.841 -17.2286
-18.2756 285.742 125.208
-19.2511 298.823 61.7873
-19.162 315.954 24.9377
-19.2987 300.981 58.7573
-19.1119 317.933 -15.2544
-19.0696 247.421 137.567
-19.2703 300.557 63.2687
-19.1595 284.067 115.36
-16.8577 255.401 134.455
-19.1195 319.976 26.6456
-19.116 298.902 67.5931
-18.7708 252.242 136.955
-18.8598 271.912 120.074
-19.2077 286.76 118.939
-19.0524 245.44 135.642
-17.9462 284.921 126.754
-17.8135 314.095 32.3427
-18.2346 279.889 116.383
-19.1333 309.92 -17.1019
-18.6753 324.318 -10.8649
-18.7273 312.01 -17.6816
-18.3703 246.832 129.433
-17.919 315.627 31.943
-17.2946 275.449 116.572
-18.7923 325.383 6.6463
-18.9648 329.278 -7.38961
-18.4289 277.667 114.698
-19.0097 302.441 55.9628
-19.0203 314.995 -17.2743
-19.0002 297.352 65.3496
-18.2092 243.846 133.88
-19.1742 321.636 11.994
-18.9602 302.095 64.6345
-18.927 246.236 136.298
-17.4014 275.764 127.367
-18.9754 328.088 -6.80857
-18.4119 247.227 138.219
-18.8208 328.017 -4.93876
-18.4705 271.644 116.668
-18.8 310.792 -16.135
-18.9183 303.287 59.2702
-17.0278 273.828 119.559
-18.7531 300.365 68.8317
-18.8675 304.392 51.7318
-19.2741 249.139 137.209
-19.1531 286.138 122.376
-18.3584 288.239 118.358
-18.7249 285.628 114.755
-18.4831 324.096 5.19844
-18.7367 298.241 57.8528
-18.7215 303.438 49.1436
-18.0411 322.285 5.19988
-16.6269 317.51 -18.6985
-17.5042 248.822 138.086
-18.3658 321.453 -11.5484
-18.6206 283.154 114.89
-18.4299 309.286 -16.2127
-18.787 329.616 -6.82903
-18.4767 311.558 -16.6316
-18.2279 327.233 6.28503
-18.4095 275.044 114.334
-17.7148 252.055 131.249
-18.5194 327.388 -12.3431
-18.2806 311.197 -17.1505
-18.5292 248.651 130.134
-17.4902 250.594 139.15
-18.645 317.068 16.8123
-18.6233 303.977 62.7784
-16.7658 244.199 132.327
-18.366 295.892 69.073
-18.542 323.598 23.2839
-18.3998 287.859 121.581
-18.9466 315.883 -16.5314
-18.1398 326.455 -8.07634
-17.5415 254.571 131.972
-18.7911 250.253 138.657
-18.2873 329.131 -9.14636
-18.0309 325.86 -4.42538
-18.427 305.59 48.2742
-17.9712 309.291 -17.2182
-18.5043 314.428 22.9917
-18.3803 314.475 28.4268
-18.4688 296.237 61.8976
-18.5027 325.381 19.1799
-18.1814 288.098 116.024
-18.2021 272.504 120.372
-17.5046 289.652 120.581
-18.4651 247.916 132.438
-18.1817 247.658 133.481
-18.0372 328.86 -3.22889
-18.4655 249.908 133.716
-18.4248 305.889 52.4561
-18.2576 303.502 66.1782
-17.9366 323.788 -8.76843
-18.2188 297.193 71.7105
-18.2414 326.917 0.77769
-18.3086 284.435 113.489
-17.3748 246.388 136.803
-17.9683 319.711 -18.2815
-17.4111 249.355 138.923
-18.274 327.586 -10.2992
-17.3012 314.245 -17.0385
-18.356 253.796 135.527
-18.0154 325.458 -0.211912
-17.3807 330.557 -8.72979
-17.4677 312.908 -16.3321
-18.2135 294.953 64.9837
-17.7315 249.351 134.738
-17.8893 248.793 133.368
-18.097 305.245 45.7333
-17.4779 316.535 32.5474
-18.171 248.511 134.005
-17.4717 246.979 132.79
-17.8482 248.533 133.254
-18.0487 326.91 13.3921
-18.0501 288.053 113.35
-17.4367 288.327 123.305
-18.0288 250.449 135.433
-17.6929 298.004 73.7547
-18.1518 327.229 -2.96485
-17.4421 322.036 -17.4471
-16.223 312.068 -18.7534
-17.8069 251.706 135.764
-18.0051 321.533 26.9535
-16.4731 274.57 118.157
-16.9061 273.521 125.453
-18.0874 312.163 -17.2154
-18.0312 281.653 116.28
-18.278 251.043 135.151
-18.0229 285.892 111.867
-17.0322 247.697 132.274
-17.3726 283.46 128.028
-17.6136 311.77 -17.7376
-17.0268 248.546 132.683
-18.1386 248.694 132.059
-17.4488 289.963 118.846
-17.4659 276.953 115.991
-17.5611 324.39 -3.46356
-17.1127 249.988 133.353
-17.8943 314.314 34.5679
-17.7126 331.527 -12.6134
-17.4922 312.517 28.2717
-16.9981 330.619 -6.68792
-17.3297 246.255 131.284
-17.8644 301.311 48.473
-17.2778 250.935 136.04
-17.9085 305.615 59.7593
-17.4912 295.407 76.0274
-17.3609 251.312 138.407
-17.3741 324.002 -6.75801
-17.1473 300.41 73.0827
-17.5088 310.069 -16.0566
-17.5333 307.214 44.4526
-17.8018 287.145 110.23
-17.6737 307.32 50.9771
-17.2866 292.861 75.8657
-17.447 330.766 -10.1516
-17.1757 251.791 134.89
-17.5728 318.615 -13.0521
-17.677 296.062 57.3048
-17.5595 330.961 -11.452
-17.1458 312.419 32.2533
-17.7036 312.528 36.7909
-17.4335 307.797 47.3559
-16.9225 310.672 -16.9541
-17.5864 328.588 -0.227499
-15.8914 250.574 134.372
-17.6929 313.223 22.6991
-17.4549 307.548 57.8758
-16.8294 272.83 122.047
-17.4427 324.134 -1.79213
-16.7449 253.192 135.333
-17.3401 303.852 44.2942
-18.2417 250.413 130.851
-16.902 244.625 135.357
-16.6849 312.275 -15.8309
-16.9424 332.542 -13.9277
-17.8573 302.986 68.6203
-17.5514 289.442 115.487
-16.7409 254.151 132.108
-17.3653 249.352 134.207
-17.4561 328.03 7.81599
-16.0262 287.999 125.8
-17.2058 309.319 50.9321
-17.4437 294.411 60.3441
-17.1807 322.627 -8.33417
-16.9041 244.99 136.822
-17.1966 320.543 -10.5011
-17.3937 305.8 43.4541
-17.5239 318.538 11.2048
-17.5057 309.229 43.7983
-17.28 292.701 70.3663
-17.276 289.926 110.617
-17.3727 314.631 17.8001
-17.0448 326.349 -16.0608
-17.3142 283.259 113.25
-15.6819 252.543 135.19
-16.248 249.678 134.638
-17.1139 311.625 40.9688
-17.2176 247.365 135.719
-17.1659 296.848 76.9985
-16.9838 289.066 106.726
-16.4998 281.261 129.086
-17.29 306.101 62.9049
-16.8826 246.815 134.089
-16.8551 315.205 35.5071
-17.3033 310.371 45.1014
-15.8444 255.477 134.438
-17.1858 247.288 132.45
-16.9394 243.568 134.424
-16.7302 310.197 35.959
-17.1517 251.893 137.27
-16.3405 317.863 32.6944
-17.3264 279.64 117.041
-17.1172 284.334 111.173
-16.9087 302.888 70.9904
-17.2124 310.234 40.8713
-16.7306 251.081 134.916
-17.1753 285.354 109.59
-17.0557 322.178 2.13609
-16.8799 250.697 134.731
-16.8822 249.103 136.517
-17.2193 246.664 131.53
-17.0206 251.235 137.055
-16.3577 245.2 132.597
-16.4324 246.232 132.361
-16.4783 308.328 39.7228
-16.4313 254.768 135.511
-16.8811 249.022 137.478
-16.0697 251.942 133.736
-16.912 294.799 81.5244
-17.1131 309.358 -16.5077
-15.3882 254.6 133.468
-16.9891 333.077 -12.2898
-17.0728 247.259 138.302
-16.4084 280.95 116.67
-16.0436 290.832 122.631
-15.5486 313.817 -16.7393
-16.5889 245.511 134.345
-16.7752 293.144 81.101
-15.8975 247.59 133.573
-16.6199 308.348 -16.2258
-16.3642 299.736 76.5126
-16.6027 313.167 39.3849
-16.8618 323.151 -1.8908
-16.4854 311.757 -17.4959
-16.2386 304.552 70.155
-16.6855 287.22 106.424
-16.4706 325.137 -16.2843
-16.5444 296.551 83.4763
-16.769 247.313 135.339
-16.1846 310.047 34.4643
-16.2999 307.553 40.309
-16.2201 252.521 132.378
-16.7494 329.468 0.204118
-16.5628 310.262 -15.9106
-16.445 310.981 -16.8657
-16.7678 313.045 20.6882
-15.579 250.93 136.124
-16.5479 291.92 66.6763
-16.6648 249.607 136.762
-15.0424 247.165 131.457
-16.3008 319.775 -10.4543
-16.6927 309.012 -15.2072
-16.4985 310.871 30.1476
-16.6993 249.11 135.634
-16.0585 321.809 -8.49685
-16.2139 291.719 119.14
-15.4454 249.018 133.029
-16.3348 291.709 80.6317
-16.4558 246.887 135.656
-16.5085 291.116 74.3623
-15.0782 249.285 133.165
-15.7167 274.541 120.138
-16.4837 245.459 134.925
-15.8813 302.175 74.4645
-16.4237 298.64 80.5234
-15.4351 330.954 -2.98551
-16.3555 322.905 -5.98521
-16.2202 316.348 -13.9843
-16.5576 311.029 49.1994
-15.7942 281.925 114.236
-16.6572 244.108 132.964
-13.9606 277.639 128.992
-15.8447 308.485 31.4953
-16.5615 325.611 21.6219
-15.3695 275.447 127.294
-14.1829 315.145 39.9179
-15.6607 252.669 134.44
-15.994 273.139 124.057
-16.2159 309.25 -17.2978
-14.7562 248.134 135.604
-15.4809 304.03 41.3811
-15.805 276.839 118.358
-16.5051 299.79 47.6791
-15.0948 252.003 133.809
-16.1232 312.668 42.7068
-16.3957 327.217 16.438
-16.2992 245.805 133.87
-16.3303 323.603 25.5682
-16.4019 327.801 12.5756
-15.4206 278.553 129.11
-15.4747 248.017 137.606
-16.2202 294.256 56.2635
-16.2339 291.565 113.009
-15.2756 252.598 134.316
-16.046 245.762 133.212
-15.3452 250.685 133.43
-15.9351 247.314 136.666
-15.8349 315.977 35.7639
-15.7501 294.003 86.4776
-16.0141 301.972 44.0908
-16.1385 291.633 106.536
-16.3037 308.143 59.8711
-15.9996 283.968 109.391
-15.5595 250.741 135.229
-15.0472 250.035 132.958
-15.9829 322.406 -2.29116
-16.2412 321.079 -16.8504
-15.6916 285.004 106.459
-15.2732 246.199 131.538
-15.8065 329.78 2.20554
-16.0991 334.078 -11.2536
-15.9262 295.895 86.8942
-16.049 317.629 11.3233
-15.4351 290.498 102.179
-15.9545 318.766 -17.7225
-16.0132 321.396 2.52069
-15.9861 315.142 15.3866
-16.0255 319.994 6.25037
-15.7992 307.685 38.7156
-15.9567 290.371 78.5655
-15.4974 247.368 132.62
-16.1499 298.451 83.9321
-15.7345 248.906 134.038
-15.568 307.382 34.1655
-15.7487 285.997 104.945
-15.4902 334.798 -12.0228
-15.9394 291.951 117.912
-15.7051 310.724 26.7876
-15.4672 288.338 102.042
-15.4441 280.9 115.642
-15.8144 297.948 85.6318
-15.2405 311.296 -15.5049
-15.4207 249.113 135.998
-15.8554 292.562 59.4124
-15.1056 276.824 119.44
-15.6925 292.7 84.8002
-15.872 295.096 91.6358
-13.9489 245.121 134.079
-15.4388 305.987 68.0881
-15.4206 291.936 121.95
-15.2053 309.871 -15.4757
-15.888 248.495 133.734
-14.9791 253.928 135.695
-15.9121 311.671 -17.5839
-15.8199 251.442 135.817
-15.7415 313.653 18.1304
-15.3171 289.674 72.495
-15.6269 310.921 53.7601
-14.2816 252.001 136.021
-15.4366 315.017 -19.4148
-14.7784 310.495 -17.5865
-15.1003 319.661 31.5395
-15.7316 292.669 110.28
-15.6546 333.936 -13.6996
-14.9134 247.634 131.994
-15.3357 305.986 36.1412
-15.5678 297.63 89.1821
-15.2022 248.182 132.355
-13.5724 249.401 136.937
-13.5556 246.145 134.848
-15.668 296.839 92.6221
-15.2672 286.97 128.275
-15.4094 308.141 -16.2114
-15.5638 292.932 91.5347
-15.4298 308.828 -17.25
-13.3506 251.169 137.357
-15.2876 301.236 81.3933
-15.5615 322.401 -6.36129
-14.4452 315.606 -13.7077
-15.5633 246.964 135.731
-15.2173 252.017 136.731
-15.5846 308.639 -15.0884
-14.9194 304.42 39.8042
-15.3033 332.646 -6.78822
-14.9949 251.157 134.094
-14.6683 303.289 76.322
-15.4548 246.612 134.345
-15.104 253.538 133.464
-15.4861 247.027 132.736
-15.1324 247.584 135.317
-15.4616 246.049 133.524
-15.0567 285.649 129.372
-14.9374 305.496 71.6668
-15.02 278.363 118.567
-13.2846 248.393 136.57
-14.793 290.929 84.8706
-15.3345 301.462 78.3841
-14.5849 291.062 124.083
-15.0066 300.844 84.2757
-15.5652 309.885 29.039
-15.3219 312.825 46.5536
-14.3074 314.096 -14.9728
-14.968 291.717 87.9494
-14.6333 282.352 130.445
-15.1891 293.753 107.006
-13.5885 249.846 136.053
-13.8024 248.108 135.697
-14.5324 250.284 136.394
-14.5314 306.241 33.0923
-14.683 279.507 116.382
-14.9632 292.253 101.548
-15.0981 290.429 65.1595
-14.47 247.503 135.997
-14.6524 246.1 134.355
-15.0192 299.001 89.5903
-15.1372 290.207 100.25
-14.9337 305.438 37.7396
-14.1717 289.744 84.06
-15.1155 298.143 93.3625
-14.6837 273.54 121.756
-14.6049 284.791 102.702
-13.1544 274.037 123.55
-13.328 290.922 126.148
-14.8922 291.907 96.3011
-13.7443 332.875 -13.8799
-14.7043 334.584 -9.8012
-14.9684 321.023 3.85586
-14.7334 248.657 133.162
-14.5116 273.993 120.53
-15.0019 322.059 -0.757076
-14.6797 280.858 113.959
-14.774 300.016 86.3663
-14.1386 309.304 28.2894
-14.6025 310.853 25.4113
-14.7294 322.29 -4.13675
-14.7522 244.968 132.666
-14.4516 326.634 -15.2535
-14.1338 274.898 119.285
-13.1066 277.117 128.697
-14.7865 288.177 99.2064
-14.8659 282.573 108.792
-14.64 305.022 35.4713
-13.8999 309.7 -17.131
-14.8151 289.073 77.4481
-14.1185 244.665 133.615
-14.7704 328.275 9.79101
-14.7753 332.401 -6.05366
-14.7454 327.518 16.2119
-14.6561 290.295 91.5372
-13.8374 321.874 -15.5001
-14.6421 317.489 11.6838
-14.7634 314.62 16.6266
-14.6076 321.484 -8.29904
-14.6847 293.647 97.8312
-14.3953 249.971 136.643
-14.5296 322.311 -5.93152
-14.0637 314.186 44.4331
-14.6301 330.556 -0.776425
-14.7952 318.581 -10.9864
-14.7735 318.179 -17.8129
-14.0024 282.687 103.988
-14.6241 299.806 45.1284
-14.1323 252.255 137.24
-14.5915 293.361 55.3536
-13.3922 279.626 131.363
-14.5754 290.072 94.9299
-13.6068 250.409 136.669
-14.6457 320.192 -16.583
-14.3701 326.407 20.1643
-14.8588 313.271 -16.2771
-13.1992 253.306 136.25
-13.9788 307.484 30.3593
-14.5429 309.648 58.6838
-14.5166 289.269 69.381
-14.4752 317.028 35.4835
-13.9736 311.189 -15.5377
-14.1752 294.317 100.869
-14.1909 325.426 22.6961
-14.0447 295.996 98.1186
-14.1181 287.161 97.6579
-13.5236 303.759 80.7811
-14.5268 277.472 118.971
-14.2803 307.914 63.7464
-13.3715 245.555 133.076
-14.2032 332.147 -6.00011
-13.3864 325.146 -14.7046
-14.2878 312.054 53.2395
-14.2081 291.258 59.7553
-13.9086 279.896 111.292
-13.5141 251.36 136.16
-14.3107 324.031 25.2985
-13.7996 335.016 -11.6614
-13.895 288.281 94.6266
-14.2719 279.099 115.335
-13.726 312.632 -19.164
-13.8073 252.142 136.608
-13.6207 252.361 136.538
-13.6665 281.162 131.581
-14.246 293.913 114.739
-14.3304 294.182 112.116
-13.101 248.915 135.78
-14.2227 293.475 117.913
-14.2994 299.584 92.7995
-13.9854 302.044 41.6117
-13.9095 334.591 -12.9731
-13.8015 285.208 99.1092
-13.8219 288.476 72.8339
-13.8602 288.85 81.3732
-14.0485 277.414 116.474
-13.801 289.495 88.3403
-13.7709 307.261 67.0183
-13.9325 306.957 70.0814
-13.5723 297.719 97.1994
-14.0682 295.324 108.514
-11.7042 290.875 127.667
-13.9568 330.1 0.21104
-14.3375 274.364 125.812
-13.8764 309.657 -16.3071
-14.0292 300.211 90.0326
-13.6876 250.89 134.748
-13.8623 313.243 -15.8505
-13.7533 303.945 37.7951
-13.7641 321.654 3.91416
-13.5027 322.368 -8.14378
-13.2614 327.651 13.2548
-13.5915 321.787 28.7681
-13.9253 322.379 0.672171
-13.6879 276.854 113.454
-14.1286 246.052 133.977
-13.6388 274.671 117.985
-13.2669 334.732 -10.7351
-13.807 313.459 48.5829
-13.8538 327.201 16.9455
-13.8084 254.001 135.138
-13.6794 274.404 115.62
-13.7701 322.82 -2.18327
-13.5121 295.842 104.231
-13.382 314.03 -19.3105
-13.8554 331.58 -6.02065
-13.1951 246.943 135.233
-13.7388 246.297 136.041
-13.7233 289.966 63.9011
-13.1 250.182 135.577
-12.304 304.084 83.2994
-13.5261 328.11 9.20236
-13.4436 316.859 -13.404
-13.5701 320.053 7.24751
-13.4209 311.413 24.5603
-12.7679 312.666 -16.874
-12.4579 252.938 134.819
-13.4222 329.73 0.0818166
-14.0042 311.551 -18.1745
-13.0321 279.625 107.217
-13.5258 316.314 14.633
-13.2479 311.764 -17.882
-13.5441 301.528 86.2762
-13.1979 252.578 134.237
-13.3765 273.757 120.345
-12.9265 293.377 54.2989
-13.4587 273.458 116.505
-13.389 318.763 33.569
-13.095 317.982 -17.0335
-12.9535 282.198 101.826
-12.7257 288.145 85.6168
-13.0387 315.702 -18.7247
-12.6613 331.249 -14.0099
-13.0234 291.51 58.1635
-13.3265 329.522 -5.99754
-12.9851 312.886 -16.2509
-12.6966 314.247 46.7633
-13.5168 316.771 36.5277
-13.3292 288.17 90.9247
-12.4134 307.382 74.1991
-13.1665 329.46 -1.38045
-13.3256 314.206 19.3409
-12.9876 292.779 123.175
-13.2902 304.281 35.0124
-12.0152 276.316 127.477
-12.2771 284.346 96.8152
-12.851 330.852 -7.9973
-13.1187 273.62 118.767
-12.63 308.015 69.8652
-12.9603 278.148 130.374
-12.582 277.837 109.114
-13.0603 273.162 117.704
-12.8941 296.565 100.406
-12.4761 301.326 41.2548
-12.1198 283.561 132.607
-12.6883 275.315 125.853
-12.6481 313.32 -18.7761
-13.275 251.416 134.105
-12.4145 292.03 125.495
-13.0168 321.301 -10.3214
-12.5678 288.267 70.4105
-12.9404 309.518 27.9705
-13.0542 290.391 61.7902
-12.2456 306.037 77.7653
-12.6991 288.082 83.2983
-12.3335 252.654 136.291
-12.8977 315.961 38.7957
-12.951 324.032 -1.63692
-13.0337 323.388 1.09132
-13.9486 293.111 120.827
-12.8266 308.789 62.5232
-12.3185 287.794 79.8708
-13.0296 312.236 53.8113
-12.1952 334.009 -12.6982
-12.6199 286.064 94.9359
-12.4904 323.081 3.96229
-12.8937 321.309 -14.8445
-13.083 300.447 93.1015
-12.524 307.251 30.2638
-12.1944 320.707 -13.0626
-12.4414 327.795 6.74084
-12.6949 298.78 97.0138
-12.8328 328.273 -4.56821
-12.2467 318.915 32.9965
-12.5945 317.665 -14.32
-13.0753 323.827 25.26
-12.1603 281.889 100.575
-12.2934 274.326 110.938
-11.9474 250.377 134.261
-11.5192 285.726 132.197
-12.4507 312.588 23.3764
-12.244 325.902 -13.7723
-11.9679 327.027 4.24063
-11.8864 286.786 89.4472
-12.5701 333.43 -9.67611
-12.4248 326.535 -3.17125
-12.5376 290.37 60.7632
-12.3452 314.476 -15.8806
-12.5265 326.044 -1.38504
-12.3034 317.174 35.5133
-12.7534 287.642 130.227
-11.6127 273.076 111.165
-12.1665 315.562 -17.703
-12.5113 318.45 -15.3246
-12.6572 294.706 117.091
-12.4949 295.735 112.009
-12.1356 315.209 42.2268
-12.1902 296.746 109.241
-12.608 251.64 135.869
-12.4325 302.753 38.3029
-12.1093 297.254 104.26
-12.2043 250.164 135.304
-12.1357 325.286 1.84967
-11.5572 324.56 -6.18733
-11.2328 308.885 63.4127
-12.4068 295.46 114.48
-11.4944 326.706 13.9013
-12.2976 297.373 47.6039
-12.0117 324.148 -13.5654
-12.1937 272.751 116.421
-12.1776 321.139 -13.7401
-12.3381 325.032 -3.39029
-11.7549 326.701 -6.55324
-11.0824 272.524 111.354
-11.9744 324.721 -8.02824
-11.3208 308.553 68.1796
-11.9015 281.348 132.901
-11.4123 277.7 106.69
-11.6144 319.253 11.5786
-11.737 279.141 104.942
-12.4324 323.39 -6.1383
-11.3445 326.567 16.0076
-11.8769 324.774 -9.29717
-11.3091 308.251 66.5171
-11.9336 323.025 -10.9804
-10.9728 315.462 20.8186
-11.3243 274.32 123.46
-11.2882 330.65 -13.5803
-11.82 328.563 -9.25501
-11.9063 333.971 -11.5307
-11.9008 303.937 35.0731
-11.5907 307.483 30.1903
-11.5185 325.833 5.42623
-11.1797 300.773 41.5178
-11.4065 310.067 28.3279
-11.5876 288.384 67.7778
-11.9898 287.789 74.1277
-11.8437 325.628 20.385
-11.435 298.133 100.701
-12.9065 293.785 119.12
-11.7807 293.15 54.1605
-11.736 332.095 -10.0107
-11.3098 324.543 5.94189
-11.7068 290.557 59.5129
-11.7713 285.745 93.5255
-11.1607 273.614 121.276
-11.0562 309.459 29.16
-11.7016 326.453 -7.76771
-11.3699 332.624 -12.9521
-11.2275 275.45 125.687
-11.5954 322.904 26.0641
-11.043 294.288 120.283
-11.1926 283.695 96.1622
-11.3994 322.468 7.31078
-11.4503 325.367 -6.32221
-10.7054 308.743 73.373
-11.1988 273.725 109.567
-10.9682 287.174 78.3121
-11.5335 312.502 53.4935
-11.3706 329.093 -10.5496
-10.2729 278.863 102.871
-11.4857 310.642 59.0432
-11.1729 319.512 31.2777
-11.4285 324.704 -11.3173
-11.3789 326.46 -12.4023
-10.6021 293.777 122.655
-11.1621 314.04 48.1126
-11.3134 316.797 35.5382
-9.36299 278.07 132.988
-11.2076 315.481 40.188
-10.8876 302.447 90.1744
-10.1626 271.83 112.844
-10.239 308.27 30.4358
-11.1252 306.724 78.5777
-10.6499 298.958 99.7776
-10.0159 286.085 84.7254
-11.1917 312.12 25.9716
-10.924 297.793 46.8127
-10.8693 330.487 -12.8835
-10.4913 325.892 11.8658
-10.9134 287.562 131.395
-11.0613 299.681 97.2364
-11.0721 332.506 -11.7574
-11.5454 302.936 86.6143
-10.8205 330.189 -11.8096
-11.1738 301.096 93.855
-10.4403 285.701 88.7409
-9.7361 280.264 99.8193
-10.899 302.365 38.4685
-10.5974 305.346 83.0201
-10.4424 320.811 10.6038
-10.5312 292.772 125.265
-10.0796 305.019 34.2686
-11.1931 277.239 128.977
-9.71446 318.504 15.1865
-10.6531 293.522 53.6535
-10.7193 325.256 19.8227
-9.90985 281.812 97.2985
-10.4018 314.798 43.722
-10.4952 288.862 65.7092
-10.1422 314.955 23.8997
-9.12057 299.302 43.7347
-9.77483 309.279 72.1976
-10.7498 287.67 73.5231
-10.6474 321.742 27.0546
-9.81809 299.082 101.544
-10.3912 296.053 115.257
-10.1093 294.98 118.647
-10.3974 290.307 129.046
-10.4607 283.118 133.727
-9.36934 272.916 108.382
-10.1805 304.038 35.7619
-9.21956 286.169 79.6166
-9.81656 307.285 32.3777
-9.29737 313.87 27.5228
-9.8284 321.653 10.8965
-8.39445 277.467 132.447
-10.2073 291.237 58.4188
-9.82264 319.915 12.4984
-9.49076 324.355 12.0329
-8.80399 284.316 91.973
-10.222 296.643 48.8772
-9.94365 296.705 112.1
-10.121 315.434 39.2546
-9.37925 317.98 31.1734
-9.82439 310.205 60.0702
-9.35822 275.112 126.308
-9.77625 287.217 132.385
-8.70718 290.992 128.382
-9.82527 325.454 14.777
-9.59714 303.435 87.5222
-7.52067 275.15 126.627
-9.35221 308.187 76.7922
-8.84048 313.377 48.8541
-9.59503 294.755 52.2825
-9.33845 286.781 76.6291
-8.17553 289.413 130.41
-9.45473 302.24 38.9071
-8.90928 297.917 109.11
-9.57432 309.157 62.7609
-9.29102 279.213 133.844
-9.20144 276.383 105.624
-9.25331 320.78 12.3974
-9.61196 316.952 18.8765
-10.5258 275.622 107.498
-9.77068 308.443 66.5659
-8.68389 322.234 13.2089
-8.20237 312.751 30.1789
-9.00947 289.548 64.2238
-10.2983 312.412 53.583
-9.58003 285.793 133.417
-9.47616 324.244 19.3449
-9.55039 319.545 28.2071
-8.08409 282.985 94.282
-8.5841 271.984 108.865
-8.57263 310.435 31.757
-9.50275 321.357 25.5041
-9.21609 301.91 93.5609
-8.16605 294.008 121.821
-9.08177 288.619 68.9178
-9.43313 297.268 47.9224
-9.09166 316.619 33.4404
-8.1315 309.474 71.6796
-8.53938 301.379 95.2605
-8.79584 306.662 34.8212
-9.062 315.055 26.7775
-9.16269 316.068 24.5597
-8.78218 291.769 58.6907
-7.54428 300.507 98.7158
-6.81662 275.46 127.521
-8.25785 284.753 86.6151
-8.71525 282.328 134.519
-8.56121 271.902 118.409
-7.80865 305.263 84.8486
-5.5297 283.12 86.5523
-8.21719 271.507 112.043
-8.79131 303.992 37.1808
-8.89855 319.493 26.0292
-9.55901 271.791 116.434
-8.83692 295.807 116.917
-8.75519 317.094 29.2467
-8.79544 277.25 147.229
-8.62501 323.497 15.7553
-8.7126 277.596 145.954
-9.0301 298.939 103.514
-6.72071 276.227 129.404
-8.72382 317.399 25.9177
-8.44165 278.049 145.039
-8.33665 276.293 147.251
-8.6534 316.315 28.2891
-7.83593 277.984 101.737
-8.73361 314.776 39.1954
-8.65768 319.485 15.6364
-7.88886 280.018 135.013
-8.48362 322.097 20.0391
-8.19625 288.044 71.4028
-8.02267 305.708 36.3447
-8.45534 318.131 19.0719
-8.41734 314.805 28.814
-8.29063 302.927 90.2305
-8.20906 292.549 125.548
-8.08856 276.324 143.009
-8.27635 277.235 144.394
-8.14815 275.304 147.189
-8.16162 277.931 146.487
-8.00087 319.964 19.869
-8.07226 302.626 38.6524
-8.41158 276.54 145.027
-8.52249 312.279 53.1697
-8.23768 316.154 32.7811
-6.45125 272.759 122.256
-8.20956 287.198 133.064
-7.96146 275.501 146.599
-7.75698 275.358 105.812
-7.17766 290.431 63.7268
-8.66312 314.213 43.5176
-8.07606 275.785 143.788
-7.97992 314.009 40.3141
-7.80748 312.973 48.934
-6.55164 295.221 118.308
-7.8835 309.284 62.0664
-6.23411 295.747 55.363
-7.62047 296.78 112.995
-7.75019 308.941 75.6314
-7.29553 307.102 81.4534
-8.14219 321.359 16.2777
-7.46423 275.441 147.133
-7.8795 277.145 145.853
-8.02102 284.509 134.372
-7.79101 277.474 144.355
-8.1769 308.239 66.5854
-6.49449 278.163 135.694
-7.72696 300.232 42.9018
-7.70723 314.918 35.8806
-6.7658 277.469 135.029
-6.98078 272.618 107.731
-7.36058 310.877 32.7163
-6.95107 314.228 34.1965
-6.60855 288.678 132.004
-7.77199 307.652 35.3818
-7.67968 274.561 143.811
-7.57521 276.257 144.891
-5.84314 285.217 78.3055
-7.69488 296.467 51.9666
-7.52544 275.764 143.633
-6.97821 274.979 143.965
-7.26303 275.194 142.461
-7.69612 276.777 150.662
-7.50037 276.473 146.843
-7.22843 274.388 145.912
-7.56898 287.231 73.9209
-7.41472 275.424 153.206
-7.3461 314.457 31.873
-7.32568 273.626 153.329
-7.48156 274.424 144.543
-7.11345 312.833 45.7891
-7.23043 280.674 148.923
-5.71347 273.514 124.81
-7.51356 303.602 88.2015
-7.22381 279.693 146.178
-7.15916 279.876 151.608
-5.54324 291.401 63.3972
-7.22717 304.021 37.9477
-6.85966 269.917 146.34
-7.04938 276.478 144.505
-6.59444 274.611 144.546
-7.14536 273.809 143.576
-7.4069 275.177 145.3
-5.98399 283.054 89.0595
-7.32665 298.401 107.894
-6.47614 311.565 33.6458
-6.38278 276.297 131.291
-6.49129 299.16 104.074
-6.92858 285.692 134.178
-7.02373 311.864 53.0984
-6.93972 280.793 146.081
-6.62328 279.216 153.902
-6.81909 307.198 37.3304
-6.35435 312.854 34.0867
-6.31876 273.02 142.603
-7.4528 271.378 116.42
-6.74429 302.126 93.642
-6.03022 289.807 67.848
-5.4434 284.178 82.9502
-6.51073 271.385 143.905
-6.91096 270.539 151.837
-6.63683 312.218 42.8544
-5.96855 295.902 115.975
-6.50231 290.439 129.897
-6.94411 273.505 142.241
-6.41507 281.806 151.235
-6.43132 275.961 141.49
-6.17269 269.84 154.116
-5.94413 299.966 101.029
-5.94776 309.349 71.5711
-6.61625 309.021 36.6691
-5.94231 309.049 75.7556
-4.3837 302.524 91.35
-5.50486 282.996 135.207
-5.84899 278.433 99.5768
-6.57228 302.307 41.0907
-6.4049 273.686 142.481
-6.19161 281.267 135.534
-6.01733 272.084 120.553
-6.51828 305.194 38.1652
-4.4564 291.174 65.9854
-6.2124 286.909 133.532
-4.54283 302.739 89.8595
-6.52745 312.773 38.063
-6.19915 309.351 60.717
-6.20474 268.4 148.629
-6.27417 282.464 148.177
-6.33883 279.078 142.518
-6.32026 272.284 155.406
-6.54619 274.832 155.501
-6.06169 286.089 75.831
-6.0651 267.346 145.995
-6.27169 305.864 84.0189
-5.8152 311.502 51.7582
-6.30366 281.99 145.998
-5.49668 281.758 93.4865
-5.95836 268.695 143.121
-5.62697 276.646 135.392
-6.20851 307.753 66.3527
-6.00741 309.863 38.1158
-5.64928 279.09 136.249
-5.33221 308.468 41.2544
-5.8328 273.823 141.808
-5.69653 288.346 70.7993
-5.86467 270.316 139.847
-5.68158 306.297 39.7335
-6.13524 297.582 52.4134
-6.10264 300.448 45.961
-5.77096 271.33 111.772
-5.77388 275.071 138.983
-5.67271 310.589 43.5811
-5.73698 280.956 143.144
-5.72874 268.447 140.507
-5.66638 307.966 67.7233
-5.63934 301.561 96.9814
-5.81745 303.256 41.5198
-5.72051 310.182 40.3986
-4.81116 308.224 79.1549
-6.09818 274.832 105.84
-4.04393 272.895 107.575
-5.58294 274.288 156.693
-3.73271 271.275 113.66
-5.38863 274.929 131.659
-5.40148 283.135 146.523
-5.63502 276.12 133.504
-5.51477 293.994 122.645
-5.30719 266.421 146.811
-5.32413 273.201 138.17
-5.81391 298.203 107.923
-5.30276 294.344 58.7096
-5.48523 280.066 154.866
-5.11884 271.185 156.665
-5.20113 269.205 139.017
-4.22264 309.705 53.4317
-4.34037 287.346 132.88
-5.25411 272.979 139.605
-5.08502 274.218 126.549
-5.40735 301.413 46.6273
-5.43978 299.413 50.7093
-5.19517 267.889 139.607
-5.05256 282.286 153.195
-5.41494 273.927 137.945
-6.42331 273.577 123.739
-5.98449 292.365 126.46
-5.08875 275.016 136.558
-5.19182 304.439 42.6259
-4.7724 282.311 143.531
-3.99467 283.822 81.8995
-3.26112 289.326 130.285
-4.32898 266.663 149.662
-5.07512 283.373 150.891
-5.28147 276.977 137.074
-5.55273 267.149 150.869
-5.24831 274.031 134.389
-4.50418 297.216 109.962
-4.7012 271.769 138.914
-4.16184 271.953 109.434
-3.29545 271.609 117.341
-5.54892 278.606 140.682
-5.08423 279.539 97.0445
-5.05417 275.697 138.386
-4.83949 266.08 144.07
-4.91398 305.155 44.1352
-4.85388 295.616 116.767
-4.84342 301.983 48.5678
-4.93607 283.742 148.716
-5.0164 287.646 71.6107
-4.41842 292.465 63.1031
-4.58649 272.885 134.438
-4.99283 309.536 58.1904
-4.6742 303.968 86.9128
-4.13058 266.055 151.599
-3.42439 266.331 148.677
-4.98259 274.338 129.262
-4.22935 302.378 93.4819
-4.63758 272.038 137.798
-4.48589 278.271 137.51
-4.6674 308.267 62.2134
-4.58496 305.795 46.3967
-3.25795 307.833 52.7623
-4.5064 307.481 46.02
-4.23104 281.173 141.688
-4.43358 274.203 157.459
-4.39361 282.491 88.6327
-4.45323 301.441 97.4108
-4.6033 303.599 48.3983
-3.65022 293.508 123.51
-3.77061 273.331 131.346
-3.88457 279.976 156.037
-4.49758 286.745 72.2346
-4.18402 308.904 75.4868
-4.77467 306.782 66.6956
-3.99456 277.6 156.977
-3.82261 272.424 121.221
-4.38346 267.343 149.098
-2.88966 282.963 135.282
-5.15888 276.051 103.646
-4.62357 267.023 148.918
-2.79437 265.261 147.076
-4.00288 267.969 149.507
-3.69516 280.822 93.8791
-3.96216 283.515 144.939
-4.32092 300.283 51.7617
-3.80054 278.46 99.0554
-3.59405 269.982 157.158
-4.12212 268.266 155.588
-2.59735 264.718 138.698
-3.08051 271.275 157.866
-3.9745 289.532 68.3825
-3.50888 266.519 153.128
-4.07343 308.563 70.7244
-4.20205 279.394 136.895
-4.01535 267.522 148.765
-4.36896 274.549 105.967
-3.56421 278.244 139.013
-3.63991 273.218 123.482
-3.39439 305.345 84.2464
-3.82189 306.933 67.7081
-3.24821 281.08 136.145
-3.00815 296.348 110.619
-3.84723 298.686 103.802
-3.75715 296.76 57.6016
-3.56919 269.759 138.417
-3.94813 294.406 120.789
-3.58107 305.491 49.8157
-4.3239 307.483 80.8198
-3.75259 274.039 127.394
-3.41588 271.371 135.675
-3.67278 276.798 101.88
-3.16873 267.787 149.538
-3.8749 264.878 142.703
-3.10631 284.713 75.9535
-2.98451 284.698 147.243
-3.01179 299.56 100.865
-2.74068 286.532 69.3895
-3.51779 291.756 126.922
-1.30448 264.586 138.145
-3.44927 265.035 144.583
-3.62678 308.638 57.7325
-3.23966 301.079 97.667
-2.99139 264.416 140.117
-3.23442 291.154 66.3295
-3.30704 308.099 78.7373
-3.88305 278.57 139.564
-2.55415 285.288 133.841
-3.11196 306.26 51.4372
-2.8454 276.443 157.76
-3.15649 282.481 154.445
-2.34348 266.49 150.107
-3.45644 294.956 60.7182
-3.41511 287.295 69.5068
-2.34399 274.117 158.237
-3.17623 266.47 149.796
-2.81951 292.607 65.473
-3.24004 307.535 61.4828
-3.2703 283.328 153.088
-2.49961 301.73 53.7149
-3.00494 308.473 73.1499
-2.34134 265.411 151.747
-3.15025 267.54 148.454
-1.75412 282.422 84.9307
-3.24592 300.163 53.6855
-1.32024 283.748 143.537
-3.28344 305.721 65.5255
-1.61056 295.383 63.5785
-1.63079 302.159 92.0044
-2.16105 280.467 136.829
-3.02874 304.824 66.8778
-2.93707 294.794 118.299
-2.39564 284.682 150.108
-1.60729 283.219 82.6127
-2.06972 307.173 70.2877
-2.6369 295.672 113.592
-2.47349 263.951 141.487
-2.95139 267.341 143.856
-2.3722 295.936 110.974
-3.02542 270.169 137.504
-1.75568 264.35 146.034
-2.22334 285.647 71.0572
-1.99828 273.043 108.579
-1.81124 304.817 67.5674
-2.56075 267.768 149.357
-2.57694 298.157 57.6338
-2.76455 288.567 67.2559
-2.76451 268.541 143.421
-1.93488 294.667 64.4814
-1.57316 279.199 96.3267
-2.50261 264.981 143.959
-2.15488 271.709 133.392
-2.03472 287.151 132.071
-1.45658 271.908 114.545
-1.80234 279.069 139.184
-2.10219 267.369 148.898
-2.6374 266.443 141.995
-1.04401 272.423 111.56
-1.01365 262.652 143.995
-2.55142 307.394 57.182
-2.26807 293.589 65.6275
-0.644926 281.805 141.439
-1.80341 287.709 66.7954
-2.15467 272.838 129.704
-2.12947 292.915 123.141
-0.968737 266.7 138.012
-2.46456 308.283 75.5702
-1.90529 290.478 127.753
-2.21236 275.093 105.52
-2.08858 264.207 142.784
-1.95086 304.051 86.2191
-1.86467 264.113 142.381
-1.70617 306.239 81.6159
-1.74314 284.444 145.178
-1.27419 268.806 157.266
-2.27262 289.651 66.5907
-1.47265 262.506 139.899
-1.49668 279.781 156.914
-1.59084 282.203 87.9348
-1.72676 266.536 149.058
-0.964968 262.801 138.499
-1.39995 281.386 155.897
-1.37615 263.965 147.258
-2.13003 306.513 60.3859
-1.51886 281.735 89.5095
-0.466053 273.497 123.601
-1.65551 268.631 144.901
-1.84102 307.604 78.2673
-2.37072 303.532 66.5071
-1.13626 268.091 140.713
-2.04792 305.327 63.3609
-1.98654 269.085 142.731
-1.32761 280.606 93.5972
-2.00076 296.889 61.0422
-2.6305 273.232 124.944
-1.12659 283.976 152.764
-1.88113 305.314 56.2106
-1.67007 291.059 66.6435
-1.85505 303.308 55.226
-0.962455 299.465 99.0096
-1.7194 294.627 66.1539
-1.63548 301.828 67.1007
-1.0657 265.656 145.26
-0.793263 266.704 154.973
-0.974453 299.095 60.8035
-1.45809 273.72 125.813
-1.10764 268.957 140.339
-1.63409 263.308 146.099
-1.56392 272.571 130.431
-0.733066 285.211 71.4262
-1.51553 294.492 117.37
-1.02597 263.952 144.505
-1.07824 262.866 143.268
-1.33241 288.744 66.1226
-1.52339 292.763 123.208
-1.56634 295.762 111.329
-0.798276 304.934 83.1833
-0.335917 269.011 134.527
-0.724284 262.997 141.881
-1.20837 276.589 102.595
-1.23031 290.393 127.868
-0.718332 300.803 94.7252
-0.929642 285.097 147.339
-1.05813 264.452 141.486
-0.851657 265.998 140.67
-0.859568 269.823 143.6
-0.225247 262.042 140.597
-0.738486 261.648 147.208
-1.27767 297.595 103.884
-0.841978 273.884 125.245
-1.16794 307.462 74.371
-0.538729 286.204 68.1314
-0.663405 280.289 140.403
0.266296 273.292 121.217
-0.353826 271.194 158.336
-0.214231 277.862 100.42
-1.33075 304.643 59.5786
0.0873797 303.852 86.393
-0.874979 293.865 68.1759
-0.888097 273.374 128.487
-1.17976 300.921 65.4174
-1.11799 270.064 141.084
-1.25925 264.07 148.1
-0.52587 287.033 132.298
-0.802951 302.17 67.8177
-1.01697 267.769 137.451
-1.02737 296.048 67.8637
-0.888089 263.617 142.5
-0.366385 272.232 129.94
-1.04316 303.357 62.9435
-0.795472 305.318 69.5371
-0.711338 297.842 66.831
-0.583874 284.863 134.16
-0.776544 296.351 64.3775
-0.706157 302.097 60.2556
-0.0113805 270.463 132.244
-0.327975 273.906 158.531
-0.880027 295.5 114.892
-0.974166 277.027 157.989
-0.612295 262.986 146.815
-1.04405 263.543 145.69
-0.261198 283.448 80.6072
-0.457736 274.75 125.509
-0.721446 290.027 65.9677
-0.864907 268.991 139.695
-0.720437 264.65 146.422
-0.570227 262.507 146.274
-0.533252 297.748 67.6632
-0.100707 303.908 69.5677
-0.750298 270.103 139.408
0.670049 282.348 85.0923
-0.634459 263.224 145.706
-0.72346 296.2 111.076
-0.0817418 293.929 123.501
-0.134587 304.971 82.012
-0.11823 267.43 137.274
0.0948214 292.864 125.823
-0.279766 283.066 154.377
0.200299 288.263 65.8944
-0.251121 291.507 66.3107
0.794353 262.512 142.803
-0.774511 265.336 150.473
-0.452994 302.176 91.161
-0.509151 298.421 64.8564
-0.578261 295.168 118.151
-0.645071 306.741 78.7249
-0.355149 296.536 68.2891
0.79276 268.612 156.974
-0.65037 282.625 87.9496
0.965271 298.982 104.057
0.407906 274.998 126.643
-0.529329 300.565 62.3965
1.19922 275.493 106.687
-0.0481713 265.269 150.349
0.789916 263.815 144.643
-0.287905 306.253 72.7005
0.136381 279.395 139.218
-0.160538 306.397 75.8845
0.395991 287.257 66.5675
-0.401465 284.824 150.655
0.229949 270.49 141.606
-0.357169 296.385 112.051
0.301096 269.012 140.607
1.6548 301.276 98.3703
0.240462 264.248 141.212
-0.0367649 289.803 130.006
0.598947 265.324 145.419
0.253664 270.297 139.435
0.100784 261.841 147.769
0.682513 266.984 145.553
1.49484 268.516 145.194
0.831058 262.316 138.978
-0.482328 281.127 136.613
0.267335 282.692 88.1059
-0.0991357 300.3 69.0581
0.418544 282.291 88.3019
0.279909 297.573 69.8337
0.0758189 298.655 68.853
0.096578 305.183 72.1231
0.96507 294.92 122.352
0.119493 304.899 74.5553
1.10253 262.841 143.464
0.372098 294.439 68.2392
1.43419 284.479 145.316
0.43124 306.623 78.5379
1.37298 263.613 142.615
-0.0945096 263.02 146.77
0.330647 306.36 75.6509
2.06817 264.234 138.283
0.439821 269.793 143.998
0.209613 301.66 70.1616
1.43602 265.393 151.95
0.439739 263.163 145.708
0.43331 263.449 143.568
0.196285 304.637 72.7732
0.158918 262.066 146.199
0.569643 263.839 148.321
1.04449 291.493 66.3242
0.993682 263.567 143.642
0.315317 300.85 70.1762
0.980012 277.881 100.639
0.77685 305.153 83.236
0.969196 299.744 101.492
1.19331 283.29 135.486
0.790097 275.196 125.576
1.72241 279.625 156.838
0.558182 303.73 70.0664
-0.688504 263.415 143.457
1.50243 282.189 88.4341
1.35307 290.049 65.9933
1.12913 296.439 116.857
1.56513 281.239 155.908
2.85685 281.748 136.34
0.922118 273.112 115.573
0.287452 264.592 146.399
0.896596 291.445 128.914
0.673365 305.971 72.7297
0.448675 252.79 33.0741
0.913801 273.755 123.175
1.83284 280.771 93.7328
0.8483 297.318 68.5597
0.898434 301.228 67.6002
0.58053 253.139 32.392
1.37001 263.29 146.421
1.7469 285.587 134.588
0.643732 263.092 146.657
1.48943 280.888 136.905
0.427631 301.793 93.5266
0.68019 277.521 80.1193
1.98522 279.229 97.036
1.66569 268.117 140.867
1.42583 285.12 71.9964
1.42615 268.734 135.121
1.52761 264.398 146.39
0.174705 262.693 143.712
1.18198 274.213 109.686
2.1234 296.893 116.672
0.712603 279.618 78.9533
1.52921 266.259 140.858
0.880133 250.8 32.3603
1.64341 283.223 82.8253
0.927684 297.803 67.2099
0.822337 271.101 131.047
2.20959 297.481 113.654
1.49212 302.62 90.5623
1.29898 255.346 34.2643
1.85125 262.942 138.606
1.38299 283.849 152.744
1.1632 250.623 33.5558
1.43238 286.227 68.3015
1.50581 269.764 143.213
1.63489 266.506 150.43
0.844547 297.876 109.339
1.64406 284.671 150.411
0.847161 279.802 81.9594
1.09123 262.669 144.103
2.03147 266.608 138.163
1.56758 251.893 33.7417
0.947905 281.8 77.3583
0.996415 283.883 76.9349
0.956009 282.5 79.2424
0.961359 278.187 82.6261
1.67551 293.804 68.2867
1.90908 284.875 148.86
1.25093 253.457 34.346
2.4304 284.74 147.271
1.27537 295.65 68.2608
1.90159 283.626 143.784
1.09491 289.344 69.6767
1.20874 255.343 32.6483
1.51742 270.116 139.572
1.12421 287.626 72.3693
1.63851 270.055 141.291
1.1238 292.817 68.1634
1.84285 265.133 147.619
1.14854 294.109 66.9121
1.16164 304.224 69.4929
1.48539 264.443 141.676
1.43205 267.361 149.159
1.39681 251.711 31.6865
1.83415 273.671 123.196
1.9555 258.352 33.9986
1.00056 266.517 149.297
1.64199 273.894 110.903
2.51773 304.757 85.3468
2.21224 307.927 75.1598
1.31983 285.281 75.5289
1.07306 278.847 78.2434
1.36831 291.481 67.4051
1.34238 283.343 75.6946
2.29989 250.344 33.4518
1.99867 250.3 32.2719
2.18918 266.497 150.141
1.82047 267.758 149.684
1.73247 268.949 140.551
1.49647 289.599 69.0056
2.56717 288.991 133.186
1.76083 271.009 157.944
2.07438 273.45 120.953
1.80749 253.43 32.1269
2.2664 285.745 70.2105
2.85585 264.19 143.069
1.59587 274.395 78.4722
1.49945 282.447 82.1453
1.56593 270.679 132.072
2.37521 290.913 66.6452
1.54901 281.679 83.5846
1.84425 257.128 35.3061
2.47306 307.665 79.3094
2.46291 279.162 139.274
1.13087 276.608 157.964
2.81411 288.934 66.517
3.4133 302.782 90.1394
2.14825 273.818 128.448
1.59674 297.016 66.1746
1.78447 256.919 32.1862
3.3305 264.975 145.111
2.65024 268.474 144.641
1.64756 272.235 81.3635
1.7332 288.125 69.1743
1.58046 268.985 139.879
1.69906 280.294 84.4719
2.28471 251.614 31.7082
1.96672 254.651 32.1522
1.73907 285.177 72.0464
2.25214 255.64 31.6427
1.75019 283.942 80.3434
1.89386 275.03 125.78
2.1853 287.534 66.9077
2.58227 255.437 35.0194
2.15699 262.523 140.185
1.99525 269.416 134.488
1.809 306.724 72.2538
2.05258 293.117 67.5819
1.92133 287.53 70.4987
2.07192 273.12 117.132
1.9032 272.426 130.069
1.91012 284.093 77.0254
1.92259 294.621 65.8157
2.0266 271.698 83.4958
2.29123 281.638 141.735
1.97613 277.913 84.7832
2.10663 288.095 68.2425
2.09174 284.076 75.2128
2.26375 293.515 126.94
2.5038 282.7 154.233
2.52428 302.446 94.2394
2.71268 274.23 125.791
2.5343 264.96 144.35
3.63381 267.139 153.106
2.8634 290.746 131.907
3.14034 266.242 149.214
2.11841 284.162 75.6764
2.80446 299.011 108.997
1.50889 262.921 141.709
2.91203 308.255 77.4652
2.46254 264.437 142.995
2.17939 286.239 71.1453
3.72957 295.828 122.164
2.51573 267.497 148.919
2.39466 267.789 149.958
2.38953 291.694 65.9801
3.93285 275.639 106.348
2.27085 283.953 81.6902
2.30033 283.567 78.4675
2.63472 285.621 71.2097
1.8446 267.183 137.799
3.09948 266.029 152.096
2.92904 266.607 82.0165
3.13278 254.606 34.4189
2.61518 258.947 33.1351
3.43689 273.26 111.53
3.88426 276.685 103.901
2.44562 290.635 67.5979
2.86444 280.368 74.1487
2.45415 301.829 67.0673
2.62714 274 127.748
3.27964 272.83 131.481
2.69872 267.614 80.5428
2.5535 278.023 74.6932
2.65381 281.673 75.1421
2.58829 283.099 84.5007
4.71835 273.871 109.032
2.5245 275.343 75.5863
2.72421 257.236 31.8871
2.8829 282.606 85.738
3.58543 266.785 150.081
3.31445 283.505 83.16
3.60388 299.929 104.747
3.59345 264.405 140.776
2.58486 272.479 84.9444
2.74748 288.155 68.6439
2.99259 266.449 142.442
2.95875 251.617 33.3251
2.77948 292.011 130.12
3.89333 257.483 37.0831
2.67376 283.243 79.6044
2.99311 250.89 32.3525
2.80116 268.419 143.356
3.81424 260.383 36.859
3.46565 286.751 69.4234
2.7731 270.53 77.6444
3.56081 300.537 101.533
3.4067 266.238 148.562
2.37451 252.879 34.2542
3.98563 270.124 137.86
3.9942 272.792 113.699
4.02974 293.947 127.469
3.99919 254.194 31.536
4.1891 304.018 87.1205
2.8403 281.887 85.2294
3.1216 288.111 67.2694
3.2192 267.991 150.056
3.84268 288.947 133.949
2.86699 284.141 83.0415
3.38769 272.42 133.198
3.64741 279.491 140.434
3.7087 266.706 150.529
3.24755 271.306 157.349
3.30425 283.423 71.7334
3.17876 284.645 76.2157
2.76915 273.98 123.905
2.96849 288.037 67.0556
3.34662 267.5 149.314
3.1759 268.862 156.065
3.10143 267.338 143.895
4.45094 274.786 107.643
3.20939 264.045 139.379
3.8027 258.897 37.4153
3.76414 259.347 32.8497
3.97154 280.037 155.573
4.19262 261.115 35.882
3.55 280.31 137.065
4.08405 282.61 89.0776
3.54307 266.355 84.3139
3.09062 286.926 69.236
3.3683 252.594 32.7579
3.14904 297.637 65.0735
2.28573 267.401 155.196
3.21209 283.287 78.2056
3.86247 274.053 125.122
3.76383 277.482 86.8925
3.29184 285.629 68.5336
4.48937 271.304 136.612
4.17689 283.344 151.582
4.13209 307.468 81.1143
3.77944 263.581 79.6708
3.73022 261.675 82.2637
3.99471 287.446 134.713
3.38948 253.68 32.4483
3.57601 263.25 83.2195
4.21658 271.188 87.0966
3.38049 306.324 70.472
3.38583 270.767 85.7717
4.10412 281.212 94.271
3.59584 274.136 128.391
3.58486 284.505 135.487
3.95922 283.491 145.531
3.83612 284.635 83.6089
4.48288 273.044 119.01
3.60392 284.018 70.135
3.60591 252.141 32.4927
3.90826 250.557 31.4539
3.7194 283.756 84.9979
3.65559 251.019 32.9931
3.58562 294.787 64.5966
4.01025 250.003 32.4209
3.20552 273.794 157.755
3.66896 282.752 72.1581
3.93468 255.008 33.9123
3.20558 276.16 157.369
3.64429 267.089 85.6789
3.67808 261.879 84.921
3.58122 264.5 143.512
4.29603 291.182 131.849
4.85617 279.998 97.1107
3.99905 252.859 34.0343
3.78373 301.928 97.3355
3.66325 267.325 149.696
3.90127 278.541 139.13
6.52758 302.825 91.949
5.16202 277.577 102.527
3.7793 260.871 86.2743
4.77094 286.194 73.5226
6.06172 268.038 140.883
5.17427 258.422 38.4813
3.83728 275.215 72.951
3.88529 278.291 72.1027
5.44448 279.377 99.5993
3.91193 292.299 64.7053
4.47013 260.532 34.2675
4.0169 265.815 87.1721
5.41232 285.065 78.1792
4.53186 272.603 134.372
4.03374 282.868 85.4825
3.97436 268.541 76.534
5.11067 283.152 86.9032
4.35268 299.573 108.282
4.20045 258.089 83.0546
4.05717 287.507 69.7573
4.31445 259.104 81.8481
4.22842 257.446 86.0397
4.78152 278.817 137.452
4.0912 284.449 75.9533
4.69541 281.582 153.652
4.72989 280.984 142.173
4.42904 298.464 113.261
4.22498 289.407 65.3914
4.67099 272.251 156.225
4.53981 269.735 138.979
4.87388 274.243 131.94
4.84858 297.884 117.615
4.20186 260.384 87.9032
4.26349 302.801 66.6087
4.29673 308.43 74.8378
4.4945 265.377 77.4394
4.95804 308.153 79.7298
4.88424 284.08 82.7736
5.7308 272.602 114.962
4.96321 282.285 144.266
5.06153 267.88 149.586
4.40789 284.576 79.5944
5.98511 269.084 139.833
4.76737 295.329 125.603
5.14437 283.104 147.311
5.18067 270.222 154.39
4.36269 283.715 149.408
6.0365 273.784 121.621
4.74785 251.925 33.8758
5.74475 274.534 123.857
4.62231 256.457 84.5233
5.40876 281.27 86.5169
5.41234 297.122 120.239
5.27887 256.694 31.7688
4.71784 259.798 80.3773
5.90612 257.303 37.162
4.80838 255.664 82.3223
4.59126 265.798 88.4075
5.14473 275.207 126.648
4.74123 286.543 66.5486
5.10045 274.925 129.966
4.89489 251.931 32.2795
4.98774 279.958 136.639
4.82677 256.367 88.1223
4.66934 267.195 151.456
7.53149 302.389 93.9055
4.88871 260.083 89.47
5.06019 251.755 83.6546
5.38084 275.379 88.1477
4.80716 285.426 83.0769
4.87208 272.734 88.0195
4.89401 274.801 156.355
5.37201 308.501 78.1854
5.3626 293.487 130.111
6.36393 305.777 84.5994
5.53723 288.143 134.758
5.1092 277.145 138.758
5.22007 284.947 67.5161
5.40078 271.564 139.505
5.19893 250.178 84.6508
5.18693 250.433 32.3823
5.23369 279.179 154.789
4.87609 266.365 147.658
6.12475 273.168 110.681
5.98838 289.651 133.99
5.51076 300.995 99.8785
5.3355 261.399 78.9046
4.29883 253.126 32.0899
5.59035 254.392 87.5263
5.0863 307.074 70.9474
5.10702 298.404 64.411
5.15851 263.315 38.0225
5.42083 296.531 123.205
5.45146 262.686 39.7506
4.43459 265.395 143.226
6.09857 276.771 140.078
6.04165 263.303 36.4651
4.98067 255.436 34.2662
5.22842 253.305 85.0208
5.78819 269.966 151.826
5.24213 251.957 33.3897
7.29539 304.192 87.3291
5.40208 256.407 89.7919
5.35933 252.617 32.9739
5.93337 286.069 84.1005
5.25417 272.733 72.4054
5.6973 283.254 89.691
5.89616 268.967 149.323
5.79718 298.793 112.533
5.19859 250.819 32.0359
5.52017 283.553 68.3657
5.33624 276.728 70.42
5.35469 280.545 69.1425
7.4778 258.713 32.7505
5.35382 268.723 74.491
5.69019 275.84 136.137
5.8498 279.175 135.966
6.02895 273.039 138.006
5.63477 251.74 32.2843
5.57903 250.342 83.8344
6.55588 273.04 118.204
6.09402 271.029 139.971
5.53899 277.155 135.879
5.98204 273.584 154.318
5.31902 263.518 37.5573
5.90283 282.374 94.1321
6.09726 268.631 144.058
6.55461 262.577 41.9078
5.55153 253.752 33.5052
5.96669 284.755 135.464
6.69131 282.601 135.584
5.7804 252.106 83.0375
6.09752 275.384 154.215
6.06578 295.696 126.427
5.55963 295.331 63.8128
6.78774 303.531 89.1641
5.58184 266.436 75.8771
5.76159 299.517 108.86
5.92831 308.639 75.6022
6.34923 266.419 40.3359
5.7802 267.305 146.479
5.64723 285.54 78.5165
5.84266 275.308 133.684
5.37044 257.92 80.7574
5.4969 285.849 75.62
5.89923 276.16 133.747
5.97348 252.206 33.7545
5.98022 280.926 144.065
6.20946 252.662 87.8364
5.91228 278.753 135.277
6.17187 273.514 139.41
6.52252 253.445 31.5128
5.84033 300.065 104.499
9.24389 286.397 84.4922
6.74145 261.115 41.4955
6.10605 273.029 140.959
5.85526 293.018 63.8507
6.04907 264.182 76.9474
6.60726 294.799 128.54
5.91066 250.62 31.2461
5.81616 291.532 132.438
6.06674 298.477 116.028
6.96671 260.997 34.386
6.27473 277.434 132.407
5.99381 262.016 90.714
5.71242 282.17 150.537
6.03365 257.16 90.7965
6.3794 278.378 133.645
6.14947 275.947 129.495
7.75748 284.769 86.9854
6.88016 307.045 82.0343
6.10835 281.952 146.925
6.10288 274.743 138.145
6.74117 248.719 86.5158
6.18764 275.603 106.706
6.09472 286.004 81.7721
6.0952 303.862 66.9782
6.20657 290.958 64.1209
6.22569 268.99 89.7435
6.53977 252.729 31.8607
6.40474 254.27 89.6007
6.62377 275.012 151.419
6.09888 278.71 141.628
6.48377 275.029 139.885
6.57056 269.734 141.087
6.20537 273.767 142.625
6.75423 251.979 32.1509
6.87129 251.169 33.0082
6.55299 251.879 80.946
6.10799 279.834 152.601
6.61541 272.326 142.29
6.56199 248.371 84.5653
6.28338 259.802 71.1769
6.75218 274.469 145.808
6.37464 257.492 71.0127
6.31335 261.105 68.464
7.48511 254.588 33.848
7.19726 274.343 108.103
6.57938 273.122 143.687
6.34694 259.206 67.7145
6.57947 276.092 127.127
8.34702 256.162 35.4555
5.74379 250.318 32.4638
6.57545 270.182 147.282
6.44497 253.197 82.3452
6.71518 264.691 42.8567
7.15306 277.137 128.389
7.12715 272.798 114.385
6.71807 280.751 147.1
6.79587 266.137 37.8367
6.94363 278.111 102.868
6.61747 278.596 142.852
6.57184 271.568 144.846
6.55421 288.892 64.5859
6.82796 277.428 151.183
7.01013 258.776 91.4356
9.46791 285.894 85.462
6.55262 250.834 87.7228
6.61009 258.374 73.9006
7.03265 301.801 95.9107
7.04868 248.073 83.676
7.44977 252.56 90.6259
6.58266 280.632 149.956
6.88427 255.359 90.6452
6.74488 260.719 64.5899
6.67879 262.231 65.5008
8.72596 297.668 119.947
6.97609 250.868 31.9587
7.32977 296.595 124.557
6.95673 275.883 143.213
6.91221 266.631 42.1173
6.7606 266.839 45.4162
6.6891 307.539 71.9479
6.78795 264.789 44.6596
6.73449 273.823 143.502
6.99688 274.306 146.852
7.02886 253.823 80.0049
7.47843 268.394 39.0755
7.80784 284.127 93.5135
6.46373 274.548 145.376
8.15546 276.537 106.424
6.91751 253.757 82.0999
6.96683 286.725 65.4037
7.06428 264.539 46.3592
7.21611 278.129 129.726
6.92583 266.484 43.3027
6.98002 265.719 46.6563
7.34244 299.666 105.619
6.97792 279.65 147.237
6.88929 273.264 70.8326
7.15723 263.287 35.8367
7.37851 275.735 145.302
6.92223 277.553 68.9922
6.92354 267.812 73.8705
7.55446 250.461 80.1776
7.21638 273.626 144.496
7.07131 284.094 66.5764
7.06212 275.349 148.104
7.51851 286.992 134.921
6.96924 299.745 64.5337
7.16119 256.203 80.811
7.03629 276.492 145.642
7.19325 259.577 64.5566
7.3067 259.538 33.4828
7.28633 308.089 78.9638
8.23564 280.302 132.258
7.25758 273.476 143.303
7.53873 246.69 86.4324
7.39563 255.016 76.2868
7.1402 276.6 147.131
6.8381 291.397 132.753
9.84343 285.666 93.4644
7.1606 251.296 32.1677
7.34235 263.517 45.0095
7.10334 286.116 78.6935
7.11452 257.933 67.2382
7.26161 275.13 146.36
7.64447 255.338 80.5828
7.14935 261.415 72.0746
7.17863 262.72 69.2328
7.63835 257.105 91.4412
7.2778 251.587 31.4095
7.32879 261.702 62.9307
7.28543 253.141 33.3533
7.92118 259.967 40.6931
7.55112 266.934 46.8528
7.44982 274.378 145.658
7.63888 275.626 124.456
8.65473 278.614 88.399
7.76351 300.218 100.872
7.28363 256.231 70.4935
7.70315 253.036 31.6821
7.56922 263.381 76.8656
7.31478 263.931 91.277
7.38796 255.726 78.7677
7.71111 276.516 148.881
8.32003 285.662 80.0333
7.56179 252.797 78.8663
7.75813 274.538 144.974
7.69588 275.15 148.159
7.9282 273.663 109.748
7.49402 259.158 76.2971
7.30235 280.323 99.4323
7.39747 253.858 78.5576
7.71171 276.277 145.346
7.58433 262.143 43.276
7.44891 263.81 66.0949
9.83883 297.448 123.362
7.41516 297.664 63.8993
8.95628 275.349 123.068
7.40122 276.075 146.677
8.27251 298.815 112.16
7.95445 250.926 31.8732
8.19137 286.852 81.2367
7.51151 298.54 116.196
7.54168 275.15 143.567
7.63719 260.694 62.544
7.84833 308.311 76.678
7.76691 269.368 90.6707
8.02251 255.168 31.3977
8.62617 261.93 42.9841
7.60003 275.441 147.772
7.65825 304.876 68.0293
7.66007 267.852 45.7712
8.09241 247.852 89.2839
7.94078 267.493 37.6932
7.94787 276.323 148.479
9.66376 284.504 95.9839
8.3175 281.496 134.384
8.70056 295.301 128.374
7.88813 295.028 63.48
7.75038 250.232 90.529
8.44845 257.712 79.6774
8.33235 293.812 130.344
7.80603 277.344 145.34
8.23251 256.076 81.0174
7.97739 254.495 73.9068
8.68504 281.116 133.431
8.1427 275.887 144.058
8.30479 276.501 145.572
8.40231 252.778 33.5599
9.10089 288.841 133.634
8.63656 269.387 42.4729
8.13841 278.245 128.207
8.72857 306.247 82.9002
8.24465 245.289 85.3996
9.08578 286.034 134.707
8.13954 254.231 91.7652
9.34766 287.798 83.3099
8.80464 266.583 49.0845
8.48669 258.467 38.1961
8.84239 274.241 120.583
8.51926 266.264 36.7431
9.37592 273.649 111.628
8.98242 292.587 131.944
8.84079 264.522 57.9402
8.53104 261.682 59.4889
7.88233 277.876 147.67
8.12828 253.672 75.8658
8.90079 262.876 49.6142
8.35858 251.202 78.503
8.3356 251.688 31.3224
6.97676 275.287 125.445
8.57553 256.646 67.002
8.02925 276.768 147.554
8.1406 307.679 72.977
8.33386 277.136 145.378
8.33911 277.929 146.12
8.7583 262.379 46.0527
8.22976 292.253 63.5996
8.57735 251.576 32.2853
9.02404 286.509 80.7967
8.85338 296.921 124.998
10.0634 265.874 91.2822
8.45983 277.506 147.886
9.19397 260.817 91.549
8.69029 247.629 80.3401
10.5361 274.174 117.072
8.60541 245.162 83.7565
9.13909 254.715 70.4422
8.73875 291.335 132.675
8.3842 250.705 91.4499
8.84279 270.567 41.0198
8.90342 253.693 31.8147
8.4475 280.676 67.2309
9.0446 254.537 33.7342
8.76161 264.292 50.3221
8.44102 262.626 72.9606
8.51258 267.337 73.6588
8.61378 259.659 78.2834
9.00106 271.819 39.7947
8.78779 261.357 34.4768
8.51594 262.755 58.8757
9.00048 245.637 88.1538
8.58785 289.692 64.048
8.53543 301.9 65.6804
9.72846 285.711 90.423
10.0482 297.548 119.987
8.54092 263.943 70.0629
8.57916 273.599 70.082
10.4858 285.051 134.133
8.57366 284.575 65.9072
9.85338 302.614 91.1934
9.44814 279.585 129.153
9.05651 257.516 91.9274
9.22981 272.071 38.7326
8.78428 287.953 64.6046
9.06153 256.441 81.6145
8.766 264.956 66.8984
8.84945 303.487 88.091
9.67432 248.771 77.5993
9.7817 278.023 125.95
9.32666 269.601 43.9938
8.74944 252.573 31.6233
9.95208 307.397 78.8752
9.81484 279.975 103.257
9.56065 259.363 33.0673
10.1787 255.192 31.1841
9.02648 247.427 90.0871
8.87039 258.502 62.8967
9.76188 259.235 58.9907
9.38357 265.703 57.3797
8.96581 253.056 32.4831
8.97478 305.632 69.3524
9.07308 262.948 55.8279
9.24987 266.232 50.674
9.1972 299.381 64.5686
9.59991 252.29 31.7967
9.49368 286.41 81.1952
10.9157 281.913 102.058
10.963 282.949 132.332
9.31674 265.515 63.9442
9.17379 265.313 53.7418
9.66832 260.987 41.713
9.13282 263.326 52.9339
9.44092 253.869 92.3624
9.86331 283.09 98.2682
9.60177 261.947 48.7232
9.68816 272.001 38.0449
9.23871 307.663 74.2042
9.26077 300.088 99.4809
9.32034 294.996 129.779
9.26368 299.485 101.508
9.83668 277.67 106.422
10.2319 266.957 36.2548
9.91572 253.116 31.0321
9.48169 298.052 116.126
9.79765 253.038 33.0184
9.77971 301.459 94.9204
9.38984 299.013 104.155
9.71224 244.435 86.6815
9.1103 269.931 90.8738
9.50809 254.396 33.1981
9.16792 277.764 126.785
9.47542 262.1 52.3398
10.0501 296.289 127.419
10.3294 261.529 33.9227
10.4513 262.179 43.6479
10.2564 281.776 66.768
10.0528 279.472 67.7639
10.2157 246.055 79.7963
10.9821 259.349 78.6446
10.2732 243.963 84.8482
10.0559 304.065 67.8309
10.3496 267.272 73.5748
10.4902 255.04 33.8389
10.4192 254.032 31.5782
10.3016 266.809 57.9241
10.1166 259.609 79.9914
9.87733 268.494 47.4596
10.2503 286.448 65.1132
9.79601 295.835 63.8368
9.75206 273.661 70.0319
9.85418 261.011 77.6311
9.58321 298.753 109.594
11.7411 274.829 110.219
9.8255 261.183 54.9731
10.1262 275.312 108.149
9.87088 250.844 92.1574
10.2324 295.55 129.343
9.93932 264.149 71.8382
10.5959 274.06 113.998
9.9764 267.541 51.0354
10.0195 251.437 74.378
9.95158 306.194 70.8996
10.2675 262.323 45.349
10.4221 244.481 82.3225
10.76 305.107 83.6817
10.3234 255.027 66.0885
10.657 279.33 128.19
10.009 247.455 90.6466
10.7918 253.251 32.3561
12.2011 255.583 81.0844
11.0082 282.063 130.859
11.1517 264.635 35.187
10.4746 302.024 66.2717
10.5926 293.144 131.951
10.645 245.568 89.1364
10.5623 265.598 67.854
10.5041 260.556 54.2754
10.2388 292.732 63.7293
10.6578 260.316 39.6772
10.6639 286.585 86.9064
11.1377 278.272 88.7921
10.2253 307.516 75.7225
11.9848 275.071 109.75
10.8951 302.935 87.3583
11.3644 278.849 106.987
11.2714 291.156 132.89
10.9537 252.026 71.5652
11.633 288.286 133.466
10.4106 255.823 92.0814
10.6466 261.633 49.0418
10.4828 273.772 69.6672
10.9623 287.673 82.7244
10.4597 273.633 39.9301
10.7204 265.879 65.7266
10.6068 289.575 64.1485
10.8754 257.873 81.4656
11.1624 269.095 50.1108
11.3717 285.303 85.2314
11.1588 262.915 76.7772
11.4765 283.909 99.8847
11.1487 294.314 131.668
10.7533 272.884 41.6662
10.8738 300.056 65.324
11.6049 258.513 36.1521
10.7165 259.032 57.609
10.8038 273.602 38.7428
10.7698 297.477 122.068
11.3039 284.109 133.281
10.9912 286.906 84.2926
11.2838 270.015 90.9237
11.2265 248.976 75.3477
12.857 256.286 80.511
10.8488 306.484 72.5953
10.8819 261.415 77.689
11.7219 283.151 101.953
11.4125 284.997 98.0103
11.1249 257.569 32.1636
11.048 256.26 62.8732
10.832 297.896 103.156
10.8289 260.485 91.2786
10.7577 298.65 100.708
12.0426 296.692 124.244
10.9767 264.295 72.1657
12.6064 289.018 83.5412
12.1551 285.95 98.0828
11.1408 270.267 45.3185
10.9998 299.721 98.1879
10.9772 298.054 108.325
11.178 271.776 37.6469
11.5921 255.334 32.869
11.5759 259.882 54.7518
11.2828 251.823 92.254
11.255 286.954 90.7526
11.4874 266.724 91.0398
11.9422 306.576 76.9104
11.2082 298.085 64.8179
12.1264 256.858 34.3671
11.8447 247.267 90.4884
11.7146 244.581 87.352
11.1808 295.65 128.353
11.3049 249.216 91.6399
11.386 262.764 45.0318
11.3856 262.408 42.4026
11.5779 267.232 58.7696
12.0406 295.324 130.921
11.3425 304.857 70.0507
11.3544 253.905 66.5679
11.394 297.212 126.826
12.3369 281.937 130.088
12.1739 244.138 83.4814
11.5694 295.21 64.2265
11.7186 301.096 93.6202
11.7559 306.024 79.8841
11.6536 286.764 95.5648
11.6434 267.007 73.8371
12.162 271.341 45.4377
11.987 244.816 81.2379
11.5645 278.805 68.2095
12.2825 265.34 35.4573
11.9182 289.404 64.439
11.6743 298.71 124.969
13.0133 259.74 80.3251
11.6042 297.298 125.538
11.6856 297.066 128.085
12.4071 293.454 132.681
12.5331 296.925 119.707
12.9769 278.175 123.061
11.8132 269.196 51.6002
11.6844 297.201 114.668
11.8204 261.91 49.2712
11.6995 306.535 74.5068
11.721 245.879 79.2846
12.7653 286.553 133.137
12.4061 261.825 77.2681
12.2878 303.208 68.876
11.8389 292.26 64.1132
12.9624 272.558 37.8419
12.699 282.132 105.883
11.615 288.642 83.6123
12.3563 266.492 63.6972
11.4836 275.351 119.691
11.5128 295.894 126.651
11.9892 273.64 69.9508
11.3015 259.781 37.8187
11.8566 256.414 91.1276
11.9061 297.253 111.863
12.4162 263.363 74.4843
12.7964 264.317 44.3245
12.474 260.574 33.5891
12.1345 299.33 126.367
11.9017 298.791 123.742
12.2205 296.187 125.085
12.7464 264.291 42.9702
12.6835 257.739 33.1503
12.7158 288.796 86.7832
12.2238 283.52 131.969
12.4564 252.954 91.4522
12.8724 285.019 132.698
13.5863 296.161 122.251
12.2838 256.06 62.3945
11.9453 274.41 40.2146
12.3745 249.032 91.0414
12.2387 274.317 39.0514
13.2014 259.936 35.6631
12.5252 244.254 85.3285
12.131 273.239 42.5284
12.4725 246.113 88.9947
13.003 288.982 133.335
12.572 301.264 67.3695
12.3618 296.314 130.107
12.1724 305.293 71.9261
12.1932 275.196 117.242
13.0171 281.091 107.645
12.281 248.433 75.2179
12.4446 263.057 46.5899
12.5553 264.601 71.5572
12.7764 303.195 84.2903
12.6041 299.41 96.3234
12.2134 260.699 90.5318
12.4163 262.443 40.3312
12.745 276.814 109.272
12.5551 251.168 91.5473
12.2044 296.414 103.059
12.7359 288.913 84.9231
12.2722 296.818 100.516
12.9642 259.926 55.0353
12.5758 302.679 122.929
13.4765 275.743 113.999
13.4856 283.174 106.437
12.8967 261.796 37.6353
12.3999 298.896 65.8644
12.5379 295.81 124.518
12.9987 298.539 121.588
12.943 303.057 121.244
13.4958 295.806 108.391
12.5174 269.89 49.9717
12.8144 271.765 45.2423
12.6095 267.725 57.39
12.7908 300.259 121.419
13.2467 285.401 102.827
12.8733 264.696 90.5558
12.4733 287.61 96.5058
12.595 266.103 74.7924
12.7506 262.539 49.2826
12.5944 253.107 67.0622
12.6575 295.536 64.8739
13.4509 300.238 127.822
12.6795 251.407 70.3073
12.8514 305.332 78.3075
12.812 288.82 92.1985
13.2077 259.242 34.5746
12.7813 305.409 74.025
12.9462 288.559 65.2191
14.7536 277.236 112.763
12.8001 278.604 68.9482
13.4281 290.071 88.8033
13.5625 280.142 126.295
14.2892 257.243 81.3894
13.5493 297.034 121.797
13.5728 298.372 95.7903
13.4833 293.255 65.0275
12.9937 301.294 87.468
13.9455 298.597 129.933
13.6554 263.72 49.1032
13.0219 300.296 93.0344
13.1907 260.937 34.1985
14.0892 296.145 117.543
14.3564 281.627 87.1935
13.5792 288.031 100.315
13.0702 270.335 90.6425
12.9269 280.491 127.289
13.1097 257.837 89.5264
14.8015 293.186 122.23
13.439 245.76 80.9299
13.1184 269.059 73.191
13.6314 290.538 65.2379
13.481 274.298 41.0452
13.8497 280.52 109.527
13.1621 269.381 50.9901
13.4552 250.568 90.1887
13.317 305.003 76.2801
13.7321 245.079 83.5853
14.1061 274.273 40.1346
13.3641 271.385 45.6771
13.8302 265.497 36.1226
13.5826 264.228 46.5666
13.2608 294.938 99.8861
13.4321 304.027 72.3752
13.846 265.536 41.0739
13.3318 294.584 103.525
13.3074 273.463 89.8763
13.7835 299.792 67.8637
13.7046 292.588 133.219
13.5439 253.08 90.1814
13.8847 248.122 88.8982
13.4229 289.779 95.4373
13.3606 288.961 98.3678
13.3646 278.322 88.6738
13.5939 259.991 89.0627
13.4135 247.337 77.7414
14.2827 260.112 56.3136
14.0641 264.749 38.0262
14.4939 308.269 122.073
13.5356 295.824 98.0066
13.9019 302.631 125.959
13.5284 303.32 82.1079
13.7674 276.614 118.192
13.6473 262.213 76.6285
14.179 289.099 83.3313
13.5384 263.077 77.279
14.0446 296.608 66.4975
13.7444 267.442 57.855
14.8216 293.858 107.673
13.6956 245.525 86.9727
13.9912 265.326 39.22
14.3223 296.341 131.325
13.8958 290.854 92.9171
14.9837 265.73 44.9239
13.7356 266.498 62.508
13.8108 271.113 45.4034
14.2255 285.289 106.57
14.4262 278.047 111.13
14.4808 305.849 118.818
13.6867 269.598 48.552
14.0031 273.889 38.8095
14.4931 255.256 81.5311
14.1708 307.782 120.554
13.9453 302.206 70.5144
13.2278 255.738 89.5621
13.9901 264.1 73.0555
14.2435 290.903 85.1172
13.8937 249.858 73.2498
13.7819 295.9 111.202
13.807 293.445 97.5826
14.5206 287.243 105.779
13.8009 291.469 96.2873
13.8383 289.769 83.4345
15.1752 292.614 122.634
14.3558 288.018 104.491
13.932 265.66 42.6815
14.0819 255.242 64.451
13.9281 292.412 102.522
13.9639 299.128 93.2878
14.2193 265.07 36.9271
13.9408 290.41 100.628
14.237 306.988 119.522
14.0501 300.174 87.2859
14.7197 300.62 119.407
15.2766 291.018 133.457
14.3695 268.839 43.8817
14.5794 280.653 126.936
14.3817 302.585 119.16
14.1777 288.41 66.1471
14.0167 251.852 69.888
14.8533 292.504 86.2068
14.4298 255.324 86.3785
14.1776 303.597 75.4875
15.1379 272.416 38.0733
14.2628 256.176 81.4786
14.3496 247.42 87.0782
14.684 246.662 84.0105
14.1068 299.294 90.2898
13.906 265.685 68.2504
14.5192 300.789 85.3245
14.2409 291.85 89.746
14.6593 280.227 124.881
14.3107 290.994 103.079
14.1439 266.507 75.4475
14.6142 252.771 86.641
14.6362 249.906 86.856
14.4177 295.83 120.51
14.3307 268.084 53.5334
14.4963 263.555 89.0897
14.748 283.174 111.269
14.678 273.419 41.7599
14.4231 257.353 86.5448
14.7011 247.685 80.2158
14.6924 293.565 92.6889
14.7772 267.064 42.5608
14.5772 297.523 93.4998
14.9054 295.685 92.8053
14.4039 268.793 74.336
14.7297 284.746 110.413
15.6929 280.796 123.31
14.7188 267.544 51.2562
14.4236 265.155 47.8813
14.814 266.953 48.1893
14.5342 284.76 67.706
15.0293 301.174 82.4627
14.9031 261.849 55.0228
15.0525 301.904 74.7191
14.8977 287.493 108.977
15.0401 293.233 66.8145
14.6163 281.471 69.0511
15.099 248.477 85.4222
15.2481 253.964 82.1944
14.7193 300.761 70.661
15.2969 301.82 78.2509
16.0395 260.651 86.1481
14.9142 277.332 115.845
14.883 258.831 80.0198
15.3331 279.849 112.543
14.6403 290.156 116.862
14.8512 268.69 41.5207
14.6887 273.004 72.9991
14.9999 249.803 75.6732
14.6742 289.097 117.628
14.7003 297.616 90.6138
15.6803 272.381 40.024
15.1635 290.562 66.8216
16.3137 293.985 132.951
14.6023 296.918 121.101
15.4777 270.554 37.806
15.0686 264.099 52.1486
15.1846 303.269 126.363
15.1994 297.889 86.8054
14.8377 293.805 90.0065
14.879 252.475 69.8579
15.3111 307.726 123.742
15.1151 291.61 106.521
14.2557 264.645 76.941
15.1947 266.171 60.9497
15.0841 268.827 40.229
15.2336 267.113 44.27
15.0571 300.705 128.607
15.1135 298.543 69.438
14.8825 266.221 47.9883
14.9692 286.644 113.751
14.9349 266.964 89.3053
15.0631 290.285 113.186
14.9419 270.103 89.5402
14.9527 287.961 118.173
14.7436 294.019 122.146
15.0753 289.464 110.615
15.8956 262.139 87.3467
16.1821 255.748 82.139
14.989 279.386 87.9979
15.006 293.765 120.806
15.1818 291.965 119.86
15.2267 294.941 118.679
15.0872 278.692 120.023
15.1666 308.044 118.664
15.0393 273.87 89.3962
15.053 276.852 88.6962
15.2822 295.906 87.6657
15.264 284.285 113.335
15.4083 294.69 86.7723
15.1049 251.15 73.1662
15.3472 295.415 67.9567
15.5842 264.326 54.12
15.1529 266.037 51.602
15.3251 294.189 112.27
15.5137 289.19 121.414
15.2194 273.45 40.0366
15.2815 291.833 121.587
15.6883 298.441 84.9927
16.2825 259.281 62.097
15.2866 281.762 129.391
14.5538 282.652 130.726
15.6426 255.152 66.7666
15.2735 256.791 85.3943
15.6565 266.19 56.6201
15.3186 266.127 77.1494
15.5468 269.251 39.0892
16.2543 298.954 130.37
15.2766 251.147 85.9613
15.964 284.152 115.94
15.6186 261.171 77.158
15.7641 270.938 39.4617
15.3979 293.47 118.787
16.3251 250.727 83.2473
15.5637 249.692 81.4352
15.9547 291.156 82.0345
16.6331 252.795 82.8671
16.0131 279.253 118.719
15.6379 292.463 111.905
15.6568 265.156 67.2509
16.1639 256.765 83.4001
16.077 295.136 69.5683
16.0017 268.133 77.1356
16.3728 311.993 118.828
15.6764 257.753 81.008
16.1666 285.558 69.128
16.2474 251.443 78.1649
15.718 255.098 81.9701
16.1707 280.195 114.958
15.7659 292.137 121.902
16.3317 284.188 117.477
15.796 263.523 72.7878
16.3399 306.584 117.567
16.4105 299.351 76.4734
16.4608 286.548 132.604
16.2212 291.608 68.3763
17.6152 281.801 128.195
16.4152 283.896 85.8083
15.9551 249.796 84.9313
16.197 293.336 83.6157
16.5619 252.512 83.397
16.4431 291.81 133.236
16.1815 298.717 81.7154
16.106 253.013 71.6389
16.1158 255.697 81.0021
16.0936 262.636 79.1247
16.2637 290.102 122.076
16.2726 299.734 78.6691
16.3185 289.054 122.635
16.607 297.159 73.6765
16.4411 281.312 126.416
16.6802 280.444 117.925
16.2684 296.639 83.8983
16.1101 251.651 75.2912
16.2694 298.922 74.4369
17.1046 311.539 117.007
17.2616 312.413 120.711
16.3226 276.427 73.7581
16.2036 280.655 71.353
16.3426 307.437 124.493
16.5701 264.202 58.7197
16.6798 264.72 62.7531
16.467 251.073 80.17
16.5398 259.716 83.0769
17.2456 284.475 131.488
17.0429 285.439 120.144
16.7533 302.546 127.135
16.728 282.669 117.729
17.2356 300.307 118.644
16.8007 312.657 119.779
17.5494 295.965 120.184
17.7169 256.302 70.7482
17.1721 260.517 62.9407
16.5361 259.972 81.3702
16.8329 281.636 117.99
16.5635 253.965 81.6257
17.0947 292.987 80.7256
16.5199 261.409 84.1033
17.3462 295.881 79.473
16.8445 282 129.289
16.5198 267.196 87.7255
17.0398 281.772 124.122
16.5986 263.952 82.1158
16.6945 265.668 79.4679
16.669 294.679 82.8104
16.744 251.333 83.792
16.609 274.031 87.9376
16.6801 281.456 121.533
16.8968 263.036 85.6106
16.756 252.644 81.7387
16.7184 280.3 87.0399
16.6911 277.558 87.8058
17.1535 289.511 70.8833
17.2365 253.831 74.4194
17.4202 293.55 121.175
16.9874 266.539 81.3154
17.1722 285.741 70.9987
17.2344 308.962 123.218
17.2538 286.311 121.48
17.2825 309.237 116.701
17.3778 272.996 78.1557
17.2173 252.887 78.6939
17.3986 283.589 121.22
17.0182 293.659 72.7502
17.1273 263.884 66.0909
17.1629 288.065 83.4915
17.1748 259.461 77.3469
17.4243 265.072 84.1457
17.3899 281.572 73.1433
17.5518 261.501 63.4088
17.3099 284.782 121.576
17.7554 287.794 121.761
19.268 282.594 127.237
18.2324 287.916 132.081
17.3385 276.807 75.9681
17.4387 284.593 120.693
18.6744 307.14 125.316
17.5112 292.379 80.9603
17.8084 262.589 64.2613
17.5398 262.878 70.0113
17.4642 295.342 77.8868
17.5756 292.779 76.8601
17.4164 283.059 122.569
17.6776 291.628 121.948
18.3421 314.65 116.283
18.1882 288.715 77.9248
17.9031 306.177 116.802
17.6336 293.549 79.7839
17.5467 261.276 74.1173
17.5888 266.772 85.6415
17.7055 276.584 78.1377
17.6433 284.932 84.8572
17.8018 254.7 76.1865
18.2232 294.425 132.249
17.7984 300.005 129.537
18.1759 256.536 76.4901
18.0525 257.702 76.6857
18.6325 282.532 126.459
17.7539 268.626 81.9023
17.7831 285.754 73.144
17.8044 281.406 85.8473
18.4558 296.083 119.85
17.9815 281.803 75.0551
17.8667 273.756 85.9703
17.915 289.193 82.6411
17.8929 277.562 86.0202
19.473 292.367 131.635
18.3127 276.635 79.2726
18.0151 268.714 83.5899
18.5848 312.27 121.569
18.2603 285.884 75.5181
18.0928 256.023 73.2733
18.1599 289.641 80.3898
18.5276 260.043 69.031
18.8238 297.343 130.926
18.335 261.441 68.7394
18.5001 300.626 117.488
18.5148 289.765 121.735
18.7616 294.131 121.272
18.7147 313.761 114.747
18.4903 315.069 117.283
18.5319 275.998 80.9895
18.2411 286.528 82.9862
18.9764 308.557 115.43
18.3262 273.372 83.2958
19.8352 283.732 125.51
18.4382 259.37 73.881
18.9672 282.92 128.948
19.2664 303.952 116.024
19.199 285.304 122.929
18.9093 285.353 80.8366
18.4988 280.39 78.1016
18.8193 283.488 124.281
18.6064 257.999 73.8367
18.5929 284.057 83.2686
18.8192 302.75 126.634
19.7344 313.494 113.454
19.3362 287.631 122.122
18.7202 280.643 83.6864
18.7379 276.684 83.2616
19.7833 315.573 118.796
18.953 280.816 81.0791
19.585 293.922 121.324
19.7208 299.554 117.524
19.3158 299.418 129.39
19.6969 315.99 112.631
19.5988 285.787 130.722
19.7234 317.921 115.902
19.6518 306.19 125.557
20.277 290.51 121.45
19.7046 317.267 117.431
20.1426 302.559 126.135
20.1951 294.998 121.003
21.0323 309.337 123.491
20.9493 290.229 130.559
20.0913 311.325 113.869
20.5431 314.956 111.377
20.0063 308.056 124.631
20.6375 310.294 114.057
20.9742 307.59 114.55
20.876 284.574 128.524
20.6555 304.172 115.474
20.9152 294.225 130.165
20.6099 285.321 124.252
20.6254 303.929 125.326
21.0084 311.746 122.126
21.0399 318.941 116.714
20.896 287.057 130.072
20.7489 316.923 111.952
21.2765 318.891 113.847
21.0498 315.754 110.792
21.606 314.371 120.195
21.2686 286.733 123.671
22.2584 296.237 128.115
21.2211 307.653 124.468
21.0779 312.638 112.732
21.6498 303.66 115.822
21.1355 298.554 118.311
21.0835 289.376 121.841
20.8252 284.045 126.643
21.6943 317.984 118.027
21.485 313.955 111.135
21.6195 298.334 127.694
21.8146 301.874 124.936
22.241 319.971 114.897
21.9178 298.35 118.877
22.0481 288.667 129.328
22.1064 316.695 110.077
22.2352 313.289 111.408
21.6896 293.893 121.375
21.8672 285.443 126.132
23.1603 313.801 120.457
22.1474 291.659 121.909
22.5254 287.181 127.574
22.4785 319.564 116.474
22.7535 292.184 128.622
22.4365 310.103 114.022
23.2636 315.168 109.06
22.4086 307.803 114.548
23.3717 319.05 110.812
22.5314 312.157 112.821
22.3154 300.803 124.678
22.7517 287.308 126.074
22.0202 288.97 122.656
23.4753 305.377 122.88
23.2681 304.226 116.344
22.187 296.106 121.309
23.0031 289.22 124.108
22.949 310.88 121.631
23.1401 299.489 119.454
23.242 291.162 127.867
22.987 299.671 123.577
23.0744 297.324 122.415
23.5902 290.031 126.286
22.4487 316.725 118.977
23.1613 292.412 123.087
23.374 296.865 124.602
24.3477 320.058 111.195
23.5626 295.258 126.071
23.1465 298.366 121.185
23.9605 307.545 115.268
24.8351 317.506 118.592
23.3786 299.283 122.053
24.2661 312.494 112.472
26.1311 317.99 117.879
24.6075 316.515 107.363
24.9042 311.368 114.291
23.8689 293.278 124.783
24.0993 320.09 115.55
24.9967 315.84 119.615
24.2101 303.333 117.769
24.3347 320.615 113.292
25.6993 314.322 108.047
24.2 304.56 121.741
24.7775 312.449 119.985
24.9456 304.227 120.015
24.4085 308.674 120.73
25.2803 305.128 118.334
25.6647 312.238 113.169
24.57 310.141 115.131
25.4736 310.722 119.245
25.3958 317.742 106.786
25.1316 307.17 116.709
26.26 318.634 116.769
25.8979 309.594 118.144
26.6856 320.703 112.579
26.4578 315.463 106.36
26.5734 318.688 106.341
24.8882 312.861 110.513
25.8069 310.251 116.769
26.0351 320.574 110.861
26.2857 311.611 116.306
26.6373 316.957 118.595
26.409 311.445 117.6
26.7262 315.036 119.236
27.5054 319.741 107.297
27.9576 319.047 114.855
26.6404 312.079 115.257
27.1216 312.01 110.925
26.8099 316.465 105.472
27.6006 312.325 114.656
27.6842 314.171 118.335
27.5541 320.272 113.02
27.5389 313.131 108.353
27.7482 313.19 117.256
28.0122 315.408 118.442
29.1697 311.849 112.071
30.2151 315.174 103.781
28.0557 312.918 116.356
28.9731 317.91 103.742
28.0759 320.743 110.528
28.7271 318.451 115.615
30.4407 312.152 107.548
29.1406 314.557 117.372
29.1788 320.593 111.21
29.7832 317.22 115.944
30.1942 316.891 102.85
30.0406 313.118 106.063
30.1257 313.698 115.844
31.033 318.955 112.405
30.3494 320.177 106.975
29.8072 312.556 114.524
32.1214 318.752 102.247
31.6392 318.689 112.483
31.659 315.231 114.353
30.3487 319.936 111.746
31.1295 313.086 113.792
31.7967 312.049 109.511
31.4236 311.924 108.297
32.4166 312.56 110.594
31.8476 320.349 107.835
32.812 317.657 112.171
32.5705 314.028 112.208
31.9999 316.329 113.541
33.6754 313.66 102.889
34.9133 317.618 99.6165
34.3633 316.268 100.122
34.2971 315.516 109.464
33.2257 319.955 108.558
36.271 319.112 99.7022
34.2717 313.054 107.467
33.9279 318.889 109.414
35.3639 312.876 104.132
36.1033 319.438 100.731
34.7618 318.324 109.111
34.4212 316.182 109.857
35.1479 314.028 107.184
34.831 315.106 100.27
35.1066 312.979 103.238
35.9248 319.695 102.392
35.1105 317.323 109.173
36.0679 318.853 106.132
36.1886 313.575 100.676
36.0486 319.632 104.439
36.2781 313.244 104.58
36.428 318.303 98.6644
37.1496 315.862 105.72
38.2575 317.655 103.99
37.4472 316.985 105.443
40.0964 314.438 94.8535
38.5986 312.993 99.6767
40.1669 318.399 100.761
38.9949 316.083 95.5079
38.408 316.961 96.1474
41.1884 312.829 97.6178
39.5946 313.282 97.003
41.8272 313.154 98.058
39.861 319.06 96.2055
40.4635 318.843 94.558
40.0487 313.937 100.941
40.4003 315.316 101.176
41.1324 316.95 100.328
41.7542 319.094 97.3092
41.1789 312.933 95.1662
40.1055 315.376 86.7783
40.2949 313.008 91.9636
40.6057 315.79 93.4351
40.3072 311.925 92.1676
40.9095 313.888 90.8527
40.7942 312.948 85.854
41.0882 316.161 86.5992
40.5284 317.906 87.1844
40.7857 311.362 89.4913
40.3391 314.04 85.9419
40.5998 314.629 86.1956
40.7835 317.021 86.5508
41.2499 314.553 86.0662
41.1002 313.798 84.664
40.5876 317.256 93.7185
40.6693 314.123 93.4719
40.9329 313.345 86.5898
41.2711 317.101 87.3116
41.1106 309.633 89.6629
41.3101 310.942 93.2427
41.2107 309.617 91.3528
41.0768 315.186 87.12
41.3473 315.368 91.2709
41.199 312.718 94.1329
40.9385 315.786 85.5368
42.3787 319.593 92.0376
41.6137 309.642 88.2314
41.4956 318.386 85.4744
41.9318 314.887 83.8745
42.3658 314.582 84.9114
41.1333 310.703 83.3253
41.4683 317.754 85.1952
40.9823 318.106 92.7859
41.9476 316.588 90.7233
42.2367 318.634 86.2616
41.8626 311.77 83.1854
42.1721 312.26 94.888
42.0516 313.047 83.1982
42.2967 318.908 90.5776
42.0673 317.923 90.4196
42.3098 311.188 83.9494
41.8414 315.805 84.1424
42.6044 310.66 82.554
42.1047 313.548 85.9583
42.4955 314.072 83.5682
42.9643 319.688 92.2503
42.0673 310.708 87.9675
42.1924 317.261 85.72
42.8767 312.226 83.9286
42.1188 309.698 87.7672
44.3738 313.893 95.5403
42.646 315.407 85.2935
43.8274 309.7 83.4763
42.6062 308.428 87.5269
43.9346 309.646 82.4676
43.1846 310.104 92.931
45.1846 315.698 95.0696
42.8457 310.439 87.7598
42.6296 312.606 84.6296
42.8568 313.936 84.6043
42.4429 308.779 83.1235
43.237 319.157 94.877
42.6547 308.024 85.2619
42.4243 309.375 84.5749
44.0604 319.035 85.5121
43.4449 314.795 89.4986
45.1304 316.49 84.094
43.1544 309.399 85.6729
44.2525 311.224 82.395
44.0491 318.928 84.2392
43.5454 309.418 82.7579
44.5106 312.382 87.8269
43.6284 310.152 83.5203
43.9197 317.512 85.6728
42.2164 316.236 84.7903
44.854 314.991 83.2852
43.5927 315.504 85.4106
43.5761 318.552 96.3284
43.7861 317.673 84.317
43.8066 312.416 94.7206
43.0431 308.239 88.9237
44.7317 314.523 84.5456
43.9926 309.807 85.5955
44.7064 318.905 87.422
43.8518 310.133 87.1103
44.0779 307.7 85.4346
43.3766 310.609 87.8684
44.1698 311.258 83.3487
45.0265 310.39 87.4411
44.2823 310.408 82.0291
45.8746 312.361 83.0152
45.7907 313.399 82.9074
45.3314 311.835 84.1134
43.8154 308.473 89.197
44.9081 315.865 83.2761
44.2629 318.019 87.2392
44.6023 316.372 84.7674
44.6319 308.026 84.9289
43.9579 308.565 84.1772
43.8282 317.734 96.6278
45.1173 314.489 83.9716
44.1434 319.263 92.747
44.2511 308.541 87.5018
44.4326 315.567 85.0899
44.7865 318.536 86.9172
44.9156 312.662 84.8768
45.4026 314.073 84.1882
44.7746 318.164 84.4976
44.7859 309.327 85.5474
45.0129 316.995 86.1638
44.6405 310.392 91.4642
44.3571 309.542 87.3588
44.9079 316.709 87.1535
44.6783 310.119 89.9322
45.7864 309.573 88.2805
45.0175 317.568 94.0472
44.6721 317.376 86.8492
45.0333 312.487 87.3337
45.5229 318.638 89.8605
46.0596 318.766 86.9166
45.0084 310.83 84.2084
45.3787 309.835 84.4823
47.0718 310.027 83.299
46.5418 309.271 83.6084
46.7789 310.943 83.3541
46.2481 314.759 86.3122
45.9173 311.251 84.0767
46.0084 311.639 86.2091
45.812 315.399 83.5141
45.5071 311.004 86.5816
45.7978 309.139 84.0103
46.1696 310.336 90.0366
45.6742 316.963 86.7644
45.7252 312.678 87.0258
45.7436 309.98 86.6798
46.3231 314.432 86.7897
46.578 312.015 86.4401
45.8341 313.56 86.5284
45.4864 314.478 87.0786
46.7709 316.386 89.6823
46.8567 318.211 86.4935
46.0859 316.453 86.3216
46.7271 314.302 86.1414
47.0817 316.758 86.2785
46.6833 318.367 88.2172
47.03 309.673 87.4995
46.4078 317.198 85.8676
47.4181 313.733 85.8105
46.9205 314.355 90.8183
48.1015 312.836 86.5706
46.9176 317.11 88.4204
47.359 311.786 87.1819
45.6933 312.458 92.0584
47.3591 312.149 89.1658
47.4965 314.717 86.7283
47.9248 315.86 85.9819
47.7801 310.801 87.295
47.7453 316.141 88.4174
47.713 310.637 88.7088
48.6663 313.254 87.3559
48.437 313.616 88.2286
