3400
-16.9119 2.28067 33.2694
-15.0131 0.553976 31.6245
-19.1859 4.78081 35.8433
-15.9507 1.53321 35.6247
-16.5992 2.20181 28.7772
-16.9334 2.75138 38.7604
-14.9462 0.741669 26.5477
-19.738 5.29442 32.7557
-20.458 6.47753 29.7613
-14.5875 0.478166 36.667
-12.916 -1.06981 28.0584
-21.046 6.958 36.0218
-21.6907 7.70871 33.0852
-16.3644 2.53128 24.2459
-17.7879 3.91086 27.3875
-13.0967 -0.745956 25.4731
-19.6233 5.79233 39.7501
-17.8749 4.08024 40.8704
-11.8466 -1.79351 31.3796
-22.4284 8.77105 35.6436
-13.8372 0.226757 23.1121
-12.3884 -1.19087 35.0628
-21.8022 8.36524 29.8035
-21.3829 7.90645 39.4192
-20.5576 7.55507 27.2715
-16.0118 3.01101 43.6284
-13.2295 0.0814328 39.8718
-14.5081 1.49882 42.418
-15.2454 2.13646 20.807
-10.9689 -2.33061 27.0542
-22.9578 9.75006 32.2791
-18.8487 5.86538 23.1214
-17.4328 4.58501 44.5101
-22.5245 9.60069 39.8547
-18.2541 5.35262 21.8059
-18.621 6.06736 45.1501
-21.2295 8.404 42.1354
-10.6845 -2.11454 23.893
-11.4083 -1.26356 38.2253
-11.5943 -1.15947 22.1732
-23.3563 10.5639 37.9401
-22.4112 9.57967 29.4401
-9.09391 -3.28119 29.8237
-10.0368 -2.64012 32.5054
-9.26441 -3.20881 27.303
-16.6632 4.14054 19.7003
-9.41193 -2.97917 25.3981
-13.9791 1.43986 19.7699
-23.4566 10.8908 31.3204
17.0087 -29.3911 33.1267
16.3054 -28.7327 34.1284
-24.0653 11.6589 34.4744
17.5763 -29.7291 37.1944
-22.2797 10.4847 43.6448
-12.1613 -0.0137278 20.2331
-24.4217 12.6814 37.4383
-23.751 11.889 40.1483
-22.3139 10.4858 27.9852
13.7157 -25.6697 34.6142
18.3678 -30.5534 34.9193
5.45436 -17.685 45.062
-19.5791 8.17751 47.1334
15.6129 -27.8497 30.541
-18.7382 7.23886 19.1409
2.04494 -14.0763 49.3033
11.9331 -23.9312 29.5398
-10.9655 -0.737419 42.6256
3.34748 -15.4081 49.7977
8.02633 -20.0104 46.4441
-24.2806 13.8374 24.1425
7.39727 -19.5142 43.6555
-12.795 1.11387 46.0418
19.2992 -30.9488 31.4288
11.0221 -22.7988 30.2281
19.6091 -31.3686 37.5386
10.9051 -22.5578 25.8273
-15.1779 3.4735 18.2235
13.054 -24.86 26.7209
6.07334 -17.8892 41.6007
19.857 -31.5274 33.9912
3.27337 -15.2813 45.7392
-15.2396 4.24881 49.5365
-20.0066 8.68436 20.1709
-17.0531 5.36386 18.4617
-24.3456 12.9221 32.5085
-23.8684 13.0127 25.6447
14.9215 -26.7022 26.8556
3.34145 -15.0849 51.7429
-7.45616 -2.92386 38.8299
0.229798 -11.9679 51.7938
-8.3504 -3.06827 23.9742
19.6278 -31.0083 39.9741
-13.2125 1.78357 18.4745
10.9514 -22.4999 43.3242
-24.1104 13.0082 31.2508
14.798 -26.1812 37.917
-13.8522 2.72356 48.9879
1.28333 -13.0359 47.9282
10.338 -21.9121 20.9421
9.86264 -21.2235 25.5931
7.73364 -19.202 39.2413
11.3593 -22.8399 32.7039
13.2552 -24.8666 22.8112
-9.54032 -1.75819 21.5111
10.4953 -22.0461 45.37
2.93593 -14.3706 43.1966
0.42888 -11.9501 53.2042
17.8368 -29.5945 29.2979
-23.1175 11.933 26.7952
10.6985 -22.1634 40.6607
8.73211 -20.0621 20.4908
18.0852 -29.5602 39.7423
9.86712 -21.1882 27.7847
10.3818 -21.791 19.4128
-4.40912 -6.60162 52.1845
-11.1771 -0.209035 19.856
-6.85795 -4.02028 28.1746
-7.37442 -3.69175 26.1005
5.58981 -16.8218 39.4036
10.5927 -21.9017 47.1139
10.181 -21.2823 30.4518
3.97963 -15.2296 53.2666
-23.4927 13.0927 43.8008
1.28882 -12.3897 45.0568
-2.50613 -8.63969 49.6983
13.9532 -25.2784 21.8493
-22.8135 11.8463 28.3671
-11.8564 0.817146 48.8376
-10.6479 -0.454255 46.4228
12.8835 -24.0372 38.2213
12.8175 -23.9224 36.5138
7.89931 -18.9023 35.5059
14.61 -25.6901 40.0583
15.632 -26.4183 41.3183
11.2619 -22.3299 18.5918
10.3672 -21.087 32.3916
19.3591 -30.5825 28.8552
-25.0606 14.3889 35.9807
0.69867 -11.7514 54.8836
-23.2851 12.9936 22.6414
23.1785 -33.5167 36.2592
-8.39491 -2.14457 43.9953
-2.09935 -8.47093 46.4057
8.82821 -19.5722 18.7493
17.2977 -27.6726 42.4916
10.5549 -21.2802 33.9851
-16.1606 5.17587 17.591
28.1077 -39.0405 4.89679
21.6971 -32.3426 40.4583
-15.7469 5.42974 51.1333
2.09702 -12.6255 41.9361
-17.9547 7.59553 17.6073
-5.79884 -4.90033 54.5953
25.9778 -36.7056 5.88039
-7.87466 -2.61052 22.6578
27.3794 -38.1797 2.92411
-5.1274 -5.60065 49.3512
7.32173 -17.8259 22.415
-9.45614 -1.38648 48.0406
3.51963 -14.1509 39.8812
14.8206 -25.6409 21.0898
-6.10201 -4.13041 31.3781
48.0552 -58.8123 48.5299
49.4006 -60.0099 50.8869
-7.93993 -2.45568 42.1136
29.3466 -39.9906 4.32802
-7.83447 -2.86386 48.463
20.8455 -31.2253 27.9492
-21.5459 11.4356 47.1121
-9.2993 -1.41355 52.1483
-13.7689 3.48359 17.338
11.9738 -22.4127 48.7414
48.5197 -59.0344 48.9685
50.1746 -60.3251 51.3203
13.062 -23.4287 18.222
28.6806 -39.4674 2.96939
-25.2156 15.4885 39.5836
23.2039 -33.5333 33.1633
13.3927 -23.7975 47.1294
24.8365 -35.1187 5.4947
-23.8607 13.406 26.8695
26.5357 -36.9676 6.4776
6.65633 -16.7322 20.0035
-4.96939 -5.08908 56.9651
10.9688 -21.2421 17.6333
-11.6599 1.29805 53.2252
3.18626 -13.6942 55.7231
47.369 -57.5677 45.8202
9.57088 -19.7901 32.1408
8.3415 -18.7628 25.1601
23.1102 -33.1889 30.5341
28.4515 -38.7494 5.89967
-23.858 14.5014 30.088
25.1544 -35.1017 4.27164
7.00713 -17.1204 33.7718
46.9733 -57.3643 45.1899
16.0845 -26.192 44.4743
-16.9241 7.19152 51.6652
-25.41 15.2319 25.1326
28.5236 -38.6684 1.76563
-6.64395 -3.58749 44.9982
-10.1958 -0.148936 19.5619
29.7727 -40.0992 3.1125
46.0913 -56.1719 45.6489
1.18158 -10.9572 41.2406
0.158926 -10.4703 56.7315
7.62768 -17.2719 17.1499
-3.72029 -6.25464 45.0328
47.4285 -57.7066 48.05
-15.208 5.29458 16.9374
24.7121 -33.9851 41.2537
-8.06789 -1.94541 56.4621
26.3309 -36.0414 2.52273
29.8248 -39.8347 4.91622
19.9329 -30.5691 42.2163
24.3771 -34.4638 6.3677
11.9444 -22.0881 16.4043
10.8049 -20.77 16.1829
-0.494987 -9.0654 42.044
46.6782 -56.4849 42.7651
3.91374 -13.5662 36.9788
47.8495 -57.7148 48.7566
50.4776 -59.9465 51.4768
-24.7912 14.7511 26.7077
-4.67138 -4.51518 28.1549
10.1642 -19.6776 15.3963
15.8926 -25.6813 19.9344
-19.197 9.91251 50.5802
13.7708 -23.8085 15.4768
-25.406 15.9097 35.6391
19.0009 -28.2315 45.0889
-24.5662 14.8099 31.7597
12.6977 -22.5534 17.319
6.58436 -16.4175 22.1591
-11.678 2.20355 17.7454
-22.8055 13.8411 20.4166
-5.7286 -3.82767 25.6656
-11.8835 2.29065 55.6232
14.0768 -23.7203 12.6381
24.6009 -34.1492 7.68721
23.1688 -32.7406 43.1021
15.6761 -25.3919 11.8696
-23.0716 13.4653 21.3016
21.8481 -31.2782 26.4817
-5.97362 -3.41001 38.3024
9.21985 -19.7612 50.8794
26.5125 -35.9163 34.938
48.2371 -57.6798 47.9265
45.622 -54.7357 45.3419
-16.5748 7.10076 16.9163
8.78859 -18.0798 30.4513
30.3221 -39.6874 2.25162
3.02828 -11.8626 37.1721
-24.0896 14.2607 4.60892
-25.5569 15.8603 7.32844
-25.7615 15.9251 6.20262
21.105 -30.4111 9.08338
30.6772 -40.2347 3.66843
5.97916 -16.108 54.9769
22.1226 -31.8153 7.04092
47.3903 -57.0846 46.0965
15.3679 -25.0711 15.4403
18.0966 -27.7403 10.1987
26.2734 -35.5856 32.352
-6.03755 -3.48017 40.8358
-23.3169 14.3445 28.6047
-25.1338 15.4113 3.66701
25.7857 -34.4308 8.44116
47.3865 -56.0374 42.0137
45.338 -54.6427 43.6589
-5.73276 -3.1863 23.8354
22.3856 -31.4486 4.9595
27.2259 -36.264 1.80974
-27.0075 17.4759 7.78005
47.0077 -55.5735 41.4612
-23.4608 14.0843 3.19852
4.91676 -14.102 57.6483
-26.5082 17.0854 22.692
-28.5115 19.1698 24.7512
13.5601 -22.4169 17.0442
-4.48895 -4.71716 41.3507
47.2383 -56.3977 44.6539
-28.6867 19.479 22.416
19.1873 -28.7128 10.1051
21.9328 -31.5364 44.1175
25.2793 -34.1751 3.36279
2.07377 -11.6187 58.0201
-23.7724 14.8327 28.035
7.0124 -16.226 23.6448
-23.1732 13.856 4.80002
-27.5835 18.4731 7.60352
-24.4367 15.1238 6.90664
14.2098 -23.5912 17.2511
20.5588 -29.97 6.64669
12.8616 -21.9469 12.2961
-24.3855 15.8152 43.9362
-2.41901 -6.23436 40.8532
-25.8031 16.6917 27.0133
23.7594 -32.5288 3.68869
13.4131 -22.4822 17.4003
-23.3196 15.0207 29.0339
29.4258 -38.1159 1.26363
28.4475 -37.1982 7.1904
-20.3392 11.3595 18.6418
12.5627 -21.9037 17.2624
-26.537 17.6766 4.46818
-7.09768 -2.03454 21.7579
21.3838 -30.3262 9.76145
19.017 -28.0533 12.2553
27.5127 -35.9904 30.5078
-2.53481 -6.61018 58.9345
-24.6272 15.5234 2.47699
6.28583 -15.5495 19.3418
30.694 -39.7883 4.93179
-23.4355 14.8647 2.17161
4.78409 -13.5965 34.3688
-25.6838 16.9986 3.04558
51.8627 -60.1144 51.6761
6.26058 -15.4642 21.6365
8.04563 -15.9816 27.2019
45.1283 -53.9616 41.974
-8.23249 -0.261134 19.8413
46.1464 -55.0339 41.7022
-26.4196 17.9869 9.25874
15.8199 -24.5534 18.0986
50.7206 -58.2999 49.8497
-9.42908 0.595621 58.4104
23.2213 -31.8755 9.38769
24.7676 -33.5072 27.738
9.23919 -18.2249 15.0437
20.5514 -29.478 5.67446
19.7575 -29.1783 24.0751
-3.10458 -4.46061 32.9534
-27.3992 18.5051 9.02647
7.45424 -15.8921 25.2731
-6.10272 -2.96485 58.8589
27.761 -36.5364 37.5253
44.103 -52.7802 41.6763
-10.1474 1.53821 18.3103
31.1746 -39.8799 3.64097
7.73654 -16.4588 30.7146
9.31881 -17.6156 56.1637
15.2224 -23.6358 17.3323
28.5314 -37.0738 35.4129
-28.5192 20.0542 26.0253
-28.4745 19.6463 20.7855
-28.0245 19.6851 7.34298
16.0909 -24.9578 16.8818
8.16583 -16.1626 28.5463
24.2805 -32.8168 45.0252
-29.4459 20.7156 22.9669
-16.2866 7.99244 54.5769
-22.4188 13.926 3.02939
28.7003 -37.0759 33.6231
17.1592 -25.5751 8.08126
28.1932 -36.2971 40.7918
7.46499 -15.7652 57.6443
-26.5344 18.0709 21.2902
-3.87476 -4.41515 26.5227
48.1073 -55.7939 46.3027
31.0635 -39.1851 2.57583
31.726 -40.1297 5.18274
31.0222 -39.2415 6.5267
43.3335 -51.926 39.9662
28.4221 -36.1117 1.63635
-23.2469 15.1356 6.86344
-12.4433 4.09748 57.6996
-22.7407 14.2995 47.2205
11.4096 -19.938 13.0822
-27.7228 19.1716 20.5536
-1.99706 -4.8851 34.104
44.2216 -52.7701 43.7087
17.7071 -26.5891 46.8215
-17.6788 9.19994 17.073
45.7895 -54.2094 38.4047
44.6821 -53.1179 36.8453
-12.5946 4.10587 16.8747
46.76 -54.3083 46.8837
32.0881 -40.2217 4.12949
3.50174 -12.0232 59.2082
-29.541 21.1554 24.1925
-25.5179 17.7015 20.6892
-25.8168 17.9275 38.7434
-26.5054 18.789 27.6286
24.275 -32.0474 9.87469
27.6021 -35.3273 28.3068
6.3662 -14.5509 31.822
43.2712 -51.2927 41.6593
-24.9628 17.6499 9.3224
-26.9648 18.8752 14.4489
-27.9936 19.6319 14.0605
-3.48997 -4.45349 37.2987
14.2866 -23.1981 50.5218
6.16495 -14.5862 20.1231
2.68395 -10.1242 35.3068
-24.5827 16.6269 27.7637
-24.8136 17.4801 43.7851
6.68892 -15.0994 17.885
22.0254 -29.8388 10.8903
6.48112 -14.8554 22.7323
-25.7917 18.1683 36.2126
0.557317 -8.80933 60.1714
7.72204 -16.049 16.1161
47.4663 -55.8963 42.8437
-29.6745 21.569 22.3558
-23.5277 15.7165 20.1683
15.7394 -23.4508 51.8934
-24.126 16.3261 8.26898
-14.1102 5.87619 16.4887
43.2476 -51.272 36.4988
30.3759 -37.6011 1.73158
-21.9993 13.9489 4.37387
30.4014 -38.0205 7.51564
-25.6317 18.8821 34.9893
-27.0026 18.6529 11.7269
44.4609 -52.1508 44.6013
-28.3614 20.8361 10.3687
20.7892 -28.3989 22.0081
16.8218 -24.804 17.6805
22.5609 -30.1565 23.7331
1.10942 -7.53424 34.464
23.6151 -31.0457 3.29306
23.9756 -31.8393 46.3145
9.34626 -17.4104 14.2874
25.7375 -32.9995 2.7383
-26.0944 18.6888 3.58393
20.0799 -27.8579 5.15339
48.7991 -55.9263 47.0568
31.9668 -39.7065 2.84851
21.3941 -29.1423 46.9928
-6.46124 -1.69538 60.0842
46.8231 -55.0413 40.4645
21.5127 -29.2536 4.29382
46.7729 -54.6558 37.0727
-28.3215 20.2507 12.9169
-0.424634 -7.06839 37.6618
14.5936 -21.9899 17.087
-26.9665 19.0122 18.7932
-25.9092 18.5148 20.3594
-2.29916 -5.73833 60.5632
20.4393 -28.1258 13.0508
16.3775 -24.066 8.27082
-22.1158 14.5836 2.71079
-18.989 11.3222 52.5859
47.7403 -55.2714 40.2073
45.7478 -53.7081 35.8406
-24.1464 16.5662 1.9543
26.4554 -33.6286 25.8842
-5.77805 -1.63507 21.7427
-29.1854 22.8035 27.1999
-15.6063 7.83352 16.4588
20.2042 -27.6328 48.2865
-2.71946 -4.57052 30.3605
-13.6079 6.11755 57.9646
-20.9252 13.631 5.11896
28.7437 -36.1271 8.05262
48.1771 -55.3802 38.7687
53.1316 -59.0973 50.8333
11.9462 -19.4989 12.3037
32.8123 -39.6562 5.73742
48.0453 -55.1319 40.7755
-5.20431 -2.55735 22.9915
-28.955 21.5253 15.7165
7.27671 -13.8489 29.2234
27.7132 -34.5804 8.59797
24.6764 -31.5375 2.84079
45.8296 -53.4467 34.389
42.9497 -49.7095 42.278
-21.7368 14.6736 7.1753
41.1581 -48.0229 37.6008
-27.444 20.7602 6.06344
47.3613 -54.9821 34.9013
50.4224 -57.2361 50.2279
-20.9283 13.6579 3.59785
-25.5028 19.0036 18.7865
44.4808 -51.894 34.2223
52.3196 -58.8445 50.7558
-10.4809 3.67381 17.2373
15.7899 -23.2293 17.762
-28.1015 20.9567 7.55643
-24.8645 18.2203 32.6491
6.46982 -13.5342 59.9835
48.2604 -55.6178 37.9109
32.2038 -38.727 38.8851
7.44682 -14.4509 25.1754
4.96994 -12.3899 32.5051
-10.2661 3.30069 60.4419
24.4743 -31.7224 2.67106
31.3492 -38.2858 35.3765
30.8868 -37.4224 31.4121
-25.0351 18.1447 10.3843
49.1001 -56.4169 35.6558
-23.6576 17.1888 19.9764
41.4052 -48.2112 39.124
-0.376932 -5.78301 33.9698
-23.2865 16.8364 2.21417
6.32735 -13.7239 21.2975
-25.9141 18.7759 27.8884
4.14801 -10.8855 33.1078
6.46136 -13.7047 19.206
3.87668 -11.1382 60.6799
16.9093 -23.7242 17.9327
26.0125 -33.0548 46.5617
-24.9463 18.5596 3.11677
32.1724 -38.8048 6.88456
-23.6228 16.7567 46.9723
7.16054 -14.4469 17.0854
-25.4324 18.7817 15.4021
17.8339 -25.0812 17.4156
-2.6854 -3.70442 25.4015
-24.1568 18.2353 31.2239
7.43749 -13.6909 24.3216
7.737 -14.4471 26.3733
41.5445 -48.52 35.6542
-18.6179 12.0012 17.5184
-29.8778 22.8248 22.6592
21.9204 -28.389 48.8018
-23.091 17.3161 28.434
17.4188 -24.7254 17.9384
10.6093 -17.5914 57.5465
16.5745 -23.3346 16.9087
8.54523 -15.6073 14.9854
48.0672 -53.3737 43.4193
32.2138 -38.3839 1.65515
-21.2473 14.5776 2.34494
7.77361 -13.8021 27.3773
-12.0856 5.43357 59.816
30.833 -37.4363 7.84194
-27.0068 20.1685 28.0894
26.5632 -32.6038 24.1175
-23.7042 17.3961 28.5538
6.61602 -13.158 30.2164
33.104 -39.9354 4.19251
29.3007 -36.3258 43.5667
46.1579 -52.8589 32.4841
-16.1624 9.2055 56.2624
18.2636 -24.7832 52.0562
48.2567 -55.1786 33.1685
50.8264 -57.2261 34.8116
42.2055 -48.9383 34.1619
16.36 -22.041 17.5291
17.1737 -23.6702 7.55729
0.338972 -7.22886 61.7687
-21.4391 15.303 7.93523
50.6254 -55.6869 47.6618
-24.4393 18.1714 28.1923
-7.69932 0.827816 61.1943
50.5119 -56.9917 37.0055
-20.264 13.8959 52.2293
-28.189 22.274 28.4066
30.5946 -36.5021 28.9264
-1.38462 -4.24243 28.8283
48.7498 -55.0565 39.969
10.7378 -17.4899 13.0544
20.3338 -26.8114 4.96677
-25.9177 19.2853 37.9942
32.8763 -39.0782 2.45503
45.4681 -51.3723 45.6294
28.7821 -35.3649 1.55667
42.4276 -47.4209 41.9483
23.2323 -29.5341 3.39406
-2.78674 -3.8975 62.0295
33.4964 -39.4924 3.56812
9.13689 -15.3095 59.6814
30.1935 -36.1342 45.2908
41.5644 -47.4398 40.4304
-25.2374 18.9743 19.6361
25.3012 -31.3131 10.3597
32.5176 -39.0118 35.7875
12.6404 -19.0838 11.8633
47.4588 -53.6071 41.94
31.3952 -36.5694 1.77058
39.2873 -45.7402 35.0628
29.998 -35.8582 1.63839
40.4798 -47.1935 36.7295
26.0807 -32.2523 47.7028
22.8577 -29.2072 11.5432
-16.7336 11.0985 16.7829
-29.6806 23.7592 25.8882
40.6906 -46.9347 38.9179
-21.3362 15.5719 18.8398
43.6468 -49.4094 31.9916
23.702 -29.5935 48.6964
38.7033 -45.0213 37.6657
34.8035 -41.0198 36.4579
33.7589 -39.1872 4.95447
18.5705 -24.7339 17.4087
48.2734 -54.28 40.5851
-0.8808 -5.116 32.5249
16.1374 -21.4864 17.0293
19.1098 -25.4458 16.7999
48.4475 -54.5001 48.0808
33.7105 -39.8693 37.9916
-11.5516 5.92071 16.4393
-20.0295 14.3976 6.20767
-19.34 14.1207 4.26521
6.86808 -12.634 21.9199
-1.65266 -4.64307 30.8929
36.1205 -42.3008 34.6214
51.1203 -56.6651 32.2866
33.4544 -39.6314 34.4783
26.143 -30.7641 22.0215
-21.3434 16.0596 1.51043
-22.683 17.4719 28.797
23.1028 -28.7033 21.3846
7.07132 -13.2877 18.2671
18.0667 -23.5186 16.9641
53.652 -58.4561 50.1035
28.3487 -33.527 24.5267
20.6764 -26.5602 19.6858
-24.1019 17.935 9.65979
51.9327 -57.9586 50.7244
-29.2853 23.4621 17.7345
-27.7905 22.0594 7.58826
43.7607 -48.6199 43.8946
38.5598 -43.872 32.2847
3.845 -9.77518 62.0633
-14.4511 8.36701 58.564
-12.9902 7.50146 16.1689
7.85057 -13.9322 16.5031
32.2366 -38.1349 31.1132
-22.1761 16.967 1.9297
47.972 -53.8239 31.2889
-19.7605 14.2736 2.95051
28.1474 -33.7789 2.03954
32.615 -38.4718 41.4632
-23.9686 18.3987 10.422
12.385 -18.2355 58.0196
-6.31767 1.07287 19.6913
-4.99992 -0.733698 21.3818
-23.7953 19.2384 19.9888
37.3743 -43.1143 33.0975
29.8461 -35.2186 26.6745
17.216 -21.8761 16.5763
36.2596 -41.8801 38.9792
33.7897 -39.6014 32.6485
8.88303 -14.812 15.0584
-26.7702 21.8567 5.82674
47.7511 -51.9221 41.499
-0.384173 -3.89945 28.8268
32.9294 -38.23 42.6205
33.5074 -38.9339 5.5848
-14.4483 9.18694 16.2457
-17.5792 12.5416 56.3555
5.43611 -10.9144 30.6141
17.8793 -20.5896 16.6119
-20.2002 15.1771 2.06742
10.5982 -16.2528 13.4291
-29.839 24.8894 24.5548
35.0418 -40.3964 31.748
53.0563 -57.6034 32.938
-22.5234 17.8221 50.2219
34.6728 -40.4238 38.9567
31.1307 -36.625 8.01406
-29.8255 24.5942 21.9104
25.6132 -30.0394 2.94548
32.6565 -38.2023 6.78528
-24.5384 19.3579 3.17364
37.6311 -42.8856 39.7866
49.8013 -55.5783 40.0268
47.3748 -52.1776 46.8227
-24.0428 18.9499 13.5172
45.8764 -50.6539 30.195
-8.51053 3.69554 17.7937
23.4839 -28.8692 11.6453
-24.8998 19.7979 44.424
7.95678 -13.0087 24.2667
24.3065 -28.7286 3.44
31.1378 -35.5613 46.8169
0.934365 -6.4087 63.0064
-20.9676 16.1837 8.26049
33.6083 -38.4506 2.91574
35.2538 -40.1563 40.707
-28.6596 23.9672 14.9847
29.0346 -33.0937 1.9539
40.7465 -45.6653 40.7044
23.3515 -28.2629 50.2892
-9.98549 5.1896 16.9313
-2.51358 -2.31605 24.17
44.9169 -48.8434 45.2153
19.9557 -24.9563 16.9507
50.0016 -53.9497 45.6639
17.5793 -22.4813 7.98785
51.2567 -56.4774 39.9875
-28.8162 23.628 28.2155
49.3516 -54.0787 41.4714
-25.7883 20.65 37.0582
2.91992 -8.57724 32.6505
-22.6335 18.5605 9.82043
7.24635 -12.3925 19.9281
-24.4666 19.2862 17.5148
-1.44113 -3.86974 63.2
48.0014 -51.7971 40.8787
1.20911 -6.20175 31.9728
-25.5058 21.5895 35.9892
-7.00123 1.71934 62.4913
-4.08577 -1.19046 62.9739
20.2798 -25.2936 18.4458
17.9122 -21.9688 56.0498
7.6045 -12.5793 61.6905
53.1904 -57.4972 37.5194
20.9541 -25.7904 5.29811
49.1427 -52.2919 43.3855
20.6439 -25.2578 53.1778
-23.8315 20.1186 3.3788
48.394 -53.1611 40.7838
-22.2413 18.2778 28.1716
-9.68408 4.52126 61.803
-0.177277 -4.71735 30.986
-24.8423 19.5724 28.0843
33.7073 -38.7175 30.1383
32.2149 -36.2591 8.24975
29.2831 -32.9679 8.9412
-29.221 24.6262 27.5858
32.2876 -37.1223 44.9094
7.97556 -12.7917 17.7651
-22.581 18.2743 19.798
34.2221 -38.5537 5.90471
-11.9124 7.69202 61.264
32.5346 -37.1668 1.94944
7.22042 -11.2928 28.2722
0.906774 -5.62607 32.1628
-29.6178 25.1006 21.4529
41.8945 -46.1638 30.1679
8.74259 -13.6547 16.0849
-14.5094 9.54562 59.2236
-24.0078 19.6985 19.5403
-19.097 14.6851 4.60363
18.0666 -21.4257 17.8037
52.4318 -56.0559 30.2127
8.21551 -12.2062 25.0112
9.7729 -14.5341 14.8421
28.455 -32.5546 48.7204
26.3178 -31.774 2.58147
43.2031 -46.572 43.3226
28.692 -31.6258 2.27546
35.3168 -39.791 30.1022
-25.2834 21.2467 42.0469
-23.5087 19.5777 30.9571
-19.5239 14.9841 6.04912
25.2324 -29.4636 10.8735
28.1369 -32.2193 9.37764
49.3079 -53.686 29.831
19.031 -21.6549 17.9031
11.2394 -15.7754 13.6059
33.3275 -37.4797 28.0851
-27.3212 23.8295 10.6667
41.5099 -45.7188 41.5907
-15.8639 11.7281 16.8883
-23.785 20.0399 18.3941
22.8993 -26.8552 19.5055
-24.9742 20.9391 4.44015
25.7059 -29.7718 49.8094
-28.1087 23.776 27.9815
7.57817 -11.9872 21.1222
20.5347 -22.9441 17.2892
34.9515 -38.4424 4.66153
38.1099 -42.1015 41.3534
-19.7264 15.8622 2.26121
-19.1217 14.8747 3.46071
23.9402 -28.2984 11.8019
13.4001 -17.8336 59.1556
-24.4467 20.8575 46.8125
49.9749 -53.2392 47.8273
-26.7909 23.3911 7.70415
13.4499 -18.2718 11.961
-20.6624 16.249 53.0864
53.1622 -57.349 49.9638
-29.517 25.4642 24.1557
36.4772 -40.5066 41.5413
28.1116 -31.6034 22.0145
33.574 -37.5702 7.1925
3.97823 -7.84447 63.7245
10.7608 -14.4625 61.4644
-3.75085 0.14844 21.9427
35.0216 -37.9147 3.23453
-24.0425 19.32 47.3634
48.2222 -51.3662 28.3862
7.48237 -9.61459 27.4296
-11.2055 7.49984 16.56
-23.1907 20.157 16.9638
0.902376 -4.38395 30.2631
-23.025 19.2702 28.0467
35.8928 -39.351 42.7498
38.207 -42.0261 29.9633
-23.9901 20.3064 27.716
4.44337 -9.34296 31.2737
46.336 -49.5082 46.2122
55.4898 -58.1735 36.2271
-23.6689 22.9192 5.05382
21.5819 -24.3422 17.9031
-22.0229 19.6889 10.6327
8.08641 -11.554 26.1284
-12.5747 8.96893 16.4191
3.80742 -7.24911 30.382
-19.3406 16.1541 7.84437
-18.3029 14.99 4.7783
9.0663 -12.8303 17.2221
-19.4325 15.1472 18.4408
-7.20544 3.75241 18.5059
8.83915 -12.2624 62.5307
-20.9046 17.2951 2.003
1.59759 -5.52068 64.0483
-13.9499 10.6022 16.6262
49.8042 -53.1792 44.5759
26.0021 -28.8347 20.038
-25.2883 22.3101 40.2354
-22.8152 19.938 14.0011
32.6349 -36.0052 8.17033
10.1333 -13.9441 15.4561
48.6781 -52.065 42.3145
35.0246 -38.4174 43.7107
54.4589 -57.0483 30.5169
32.4662 -36.1094 26.4198
-24.9662 22.5583 35.3035
0.0393081 -2.87049 27.4213
33.4646 -36.6097 46.3068
50.4796 -54.2276 41.952
34.0093 -36.7224 1.8855
51.8358 -55.6564 41.7497
-19.904 16.9838 8.59656
-27.9954 24.6609 15.1774
46.2818 -49.7256 28.7561
8.54802 -12.1912 23.554
-28.8636 25.4943 26.732
-0.861839 -2.81872 64.2299
12.0564 -15.7561 13.8022
-29.0485 25.6909 21.5537
22.0743 -25.38 5.65508
-24.9885 22.1089 44.6164
2.68025 -4.53574 30.2579
-3.59628 0.00674171 63.9965
17.6887 -19.8441 16.9665
18.0693 -21.4623 9.01565
-6.53082 2.95473 63.4672
14.0534 -17.2987 12.9847
-9.33224 5.77 62.6474
-13.7089 10.1979 60.3861
-17.958 15.4598 3.44848
8.21698 -11.6976 20.7418
20.6365 -24.1089 16.8526
35.4983 -38.6495 28.2304
-16.2564 12.8176 58.4042
-21.0488 18.6826 20.0393
2.62755 -5.50353 30.0265
-22.5353 20.1007 20.1881
32.4393 -35.4497 47.4275
41.692 -44.7688 28.9407
-18.5358 15.5303 6.42388
-5.29 2.58081 20.1316
25.1313 -27.9791 51.536
41.5102 -44.2787 42.4999
52.4486 -54.0807 48.1321
30.6003 -33.4645 1.66492
38.6878 -41.102 42.6961
33.911 -36.4759 7.28419
-19.4081 16.245 55.268
-9.30959 5.95818 17.2458
50.1923 -52.7927 28.1633
53.3822 -54.5135 46.9526
30.6203 -33.1114 22.9817
22.529 -24.8156 54.6082
-21.1658 19.644 27.2672
-21.4541 18.0938 2.24158
49.7209 -52.2092 41.3664
-23.0867 20.9668 19.225
-27.3116 24.362 27.1373
25.9782 -28.1789 10.3909
51.3434 -54.0109 42.6135
33.0415 -35.2912 1.95924
15.4638 -18.5509 59.1896
3.9786 -4.41503 28.9527
-0.347782 -2.07276 26.2593
-28.4091 25.8992 24.6674
13.6091 -15.9741 61.1481
35.0382 -37.3247 5.77037
-22.2707 20.1204 2.99857
-21.8271 18.7773 52.1411
9.11954 -11.7341 19.8861
-21.2032 18.422 9.53774
10.6133 -13.5745 16.2846
-26.2371 23.1899 6.63192
53.2626 -56.1486 41.761
18.355 -19.642 17.3457
35.3663 -37.5568 4.55965
-24.3225 22.1837 33.8083
49.0441 -51.2239 47.1632
12.1604 -15.1154 14.7459
-22.8857 21.024 50.7304
44.9952 -47.1858 27.7202
52.8833 -53.9022 46.4532
31.1226 -34.3873 1.73634
-15.6333 12.9073 17.4313
20.2913 -20.7633 16.7108
17.158 -19.6485 11.0671
23.4102 -25.6229 18.4893
37.9738 -39.9022 27.7348
-20.2718 19.1491 2.42719
55.389 -55.3881 46.0777
52.2743 -54.1719 28.268
55.039 -55.5601 47.3913
-23.8128 21.4693 4.25069
-21.1414 19.3157 28.1626
30.753 -32.4279 49.4934
28.3931 -30.3395 9.13444
28.025 -29.5176 50.8231
33.5438 -36.0261 25.9061
36.017 -37.8885 44.8326
-19.425 17.7538 1.66653
1.23586 -3.34348 28.9916
-22.7957 21.5551 31.1207
9.21305 -11.7391 22.7657
-23.1929 20.7706 26.9858
24.6308 -27.5192 11.5684
-27.7535 25.509 25.8661
37.4649 -39.0968 43.8994
-25.0606 23.3373 39.4258
-18.6327 16.2355 2.14129
-27.6964 25.8506 21.6285
20.1101 -21.5983 17.6168
-1.29228 -0.146414 24.5602
52.2538 -53.3141 44.8342
26.7225 -28.1463 51.6944
43.1311 -44.3839 27.3211
50.0088 -51.9886 42.4234
35.094 -37.1362 3.11844
25.4976 -27.5472 4.40535
-25.1282 23.482 42.1551
-18.0446 16.5043 6.50982
-26.6525 24.7 13.4238
-27.3571 25.2596 17.8741
2.65169 -4.53504 65.0803
55.3781 -57.8411 32.3578
32.6022 -34.3102 7.53599
48.6033 -49.2502 47.0921
-18.9375 16.98 7.80103
9.03559 -11.0188 24.263
-10.5937 8.36399 17.1685
-12.1748 10.4666 17.3558
36.7011 -38.2734 26.9286
51.9056 -53.1023 44.1246
-19.4266 18.2151 19.9687
9.69863 -10.9072 63.8003
-8.13902 6.15327 18.0605
7.22214 -8.34362 27.8246
-14.322 12.7073 17.7289
27.754 -30.7027 2.92089
14.2626 -16.1904 14.8371
11.9564 -14.0797 16.4183
31.4521 -31.8023 2.06981
33.1987 -34.5922 48.2736
50.4291 -51.9721 43.5326
-26.3025 24.4868 26.037
-22.6389 21.0864 3.35871
-17.508 16.2322 4.75285
47.934 -48.6286 26.5498
-17.5529 16.3552 3.47731
-17.7023 15.7366 57.41
9.88823 -11.0581 23.0392
-14.1349 12.1426 60.4768
28.5908 -29.5329 19.8834
-25.1709 23.9205 6.93252
10.8656 -12.7065 18.1262
22.6437 -24.4342 6.76905
56.8637 -58.035 35.141
34.9322 -35.807 47.3857
34.6958 -36.1517 3.25058
-22.4636 21.6776 17.4109
-3.13803 1.93826 22.174
-11.3845 9.53579 62.2044
-22.913 21.3798 26.1389
-20.6859 18.8234 54.0377
-0.0889817 -1.72627 65.1219
54.1918 -57.2033 39.4191
22.1133 -22.845 17.3599
-20.2413 19.6915 27.5416
-8.88107 7.12881 63.3631
57.1559 -57.8646 37.8976
53.1091 -54.1956 44.1095
43.7897 -45.3038 44.2229
4.35836 -5.17968 28.8089
27.4467 -28.3472 4.35115
-5.96874 4.29309 64.2723
-18.1394 16.9636 2.3221
-2.96541 1.30163 64.8702
1.14941 -1.6472 27.1551
-5.8459 4.9766 19.6714
-25.5838 25.179 23.1141
-19.766 18.742 8.56709
54.5982 -56.6489 40.8308
-24.7763 24.3744 7.70773
31.5121 -33.442 8.08929
42.1052 -43.1404 43.5532
37.8088 -37.1341 45.8974
18.5055 -19.49 59.0501
10.0561 -11.6271 22.1496
5.61536 -6.48946 65.2023
24.8887 -26.4047 11.321
-24.6483 25.71 46.2948
57.6385 -57.3511 32.7865
16.744 -17.6562 60.4481
35.0584 -36.2386 5.07801
34.879 -35.3088 24.6384
2.64956 -3.7681 29.7442
56.959 -57.6396 34.8996
-25.5116 24.4478 10.3796
-21.9499 21.5587 14.4705
33.378 -34.0991 23.7583
19.6794 -20.3385 17.5812
51.7348 -52.0643 47.4049
20.7358 -22.1199 17.1734
5.73477 -8.07552 29.3069
55.5228 -55.442 27.9056
-22.6262 21.084 20.2878
10.7153 -12.0675 19.2376
-1.44874 1.57887 24.0539
56.6418 -56.4545 28.7416
45.3311 -45.7572 26.5324
12.9175 -13.4236 62.983
46.3606 -47.4119 46.3262
24.3987 -25.3142 6.34005
-23.8326 22.8308 48.7602
8.92045 -9.55594 25.1191
-9.50295 8.29119 17.9239
39.1262 -40.4834 27.4178
33.5268 -34.0856 1.77864
58.354 -58.0283 36.2298
29.5492 -30.5857 8.367
-18.8498 18.2247 7.25168
33.3339 -33.4427 7.31466
-21.8832 22.1447 21.4372
54.7605 -54.6526 44.1729
-26.1154 25.1063 18.2718
14.1788 -14.6403 17.7746
-21.4269 20.7403 3.10036
17.4366 -17.9996 14.0305
29.2488 -29.5851 3.75262
39.1523 -39.0706 44.6298
-24.6777 24.423 38.8205
27.3424 -26.3545 17.991
53.8275 -53.4743 47.2807
-20.7594 20.231 25.989
35.5992 -35.9317 4.5124
-24.9465 25.1335 44.3705
-7.32362 6.55822 18.8023
-18.5036 18.0303 2.85766
12.4152 -13.2036 18.354
-24.5775 24.4744 23.6885
27.6892 -28.0902 8.5481
-23.999 23.9215 34.7121
-22.7228 22.4074 19.1891
25.9112 -26.6493 9.90916
53.7553 -53.9757 45.193
-20.8966 20.8318 10.0162
30.59 -31.4731 21.3038
20.2047 -20.5295 11.3039
10.1588 -9.52731 23.6673
-21.8149 21.583 24.4663
41.4458 -41.2215 44.1316
35.1503 -35.2448 2.81102
56.476 -56.1705 41.2528
-22.5743 22.2884 20.8269
0.0822938 -0.0895449 25.6608
34.2586 -34.6079 6.60852
57.2096 -57.2047 33.4757
23.6287 -24.2546 12.7342
-11.3832 11.3773 18.779
-19.895 19.6209 26.9434
24.5796 -24.3976 55.4306
-24.4847 24.3675 12.0704
59.1781 -56.7485 31.1981
11.11 -11.6766 21.4155
-17.6452 17.4429 4.36524
20.4125 -20.8343 17.5311
25.004 -25.1541 7.07364
2.73456 -1.51295 27.9516
-18.7733 18.3381 56.3661
54.2496 -53.1982 26.3567
-15.49 15.0534 59.5497
-9.86457 9.49429 18.4238
2.78201 -2.6731 28.8846
-15.3034 15.3401 19.8324
34.6674 -34.4113 48.3504
28.5954 -28.1618 18.8527
8.41107 -8.06442 26.15
30.1115 -30.2945 3.66952
-21.6364 22.3211 3.91674
-19.5315 19.8759 25.1041
-21.5764 21.2318 52.8451
47.8745 -46.4737 47.0502
42.6717 -42.0733 44.3184
5.58641 -5.2225 28.2989
31.1222 -31.2828 7.50826
56.4193 -56.2332 34.4592
29.0001 -28.4909 5.22688
56.5511 -56.3227 35.3485
26.8628 -26.7285 6.22324
11.7073 -10.7077 21.8954
37.5708 -37.1887 25.5024
57.7815 -57.0438 30.6965
23.619 -23.2164 17.4853
-24.5702 24.473 18.9032
12.3493 -12.5927 18.9514
20.388 -20.9324 57.9221
-12.6085 13.2525 61.7448
25.7076 -25.8186 9.53938
50.6044 -51.4676 26.8957
55.006 -54.6205 45.3771
35.7655 -35.0567 3.84265
6.8323 -6.13326 27.9734
-19.6901 21.1899 2.90915
-18.6132 19.0917 7.85998
55.7316 -54.5578 26.846
58.4665 -57.6173 38.1243
23.3378 -21.0179 17.1917
21.2957 -21.0061 11.7843
58.1264 -57.4473 35.3205
-10.5995 11.3343 62.9586
32.9074 -31.9894 49.768
-22.8888 23.6129 50.5782
-22.8783 22.8528 19.4618
-18.1804 18.1478 20.5768
30.9836 -30.6873 6.77181
51.1688 -50.2186 47.3834
-7.72502 7.95601 19.0863
16.1008 -15.5082 17.826
22.2313 -22.1054 14.0844
-23.4023 23.8765 12.9493
-21.37 21.969 29.8794
-17.6957 18.4323 6.14558
26.4955 -26.2937 8.01803
-8.01659 9.05393 64.1994
29.6481 -28.5997 51.6598
48.192 -47.3716 25.7238
7.81213 -6.76619 27.4156
35.4033 -34.9279 5.20057
-18.6681 19.4874 26.4159
-21.8881 22.3145 13.0274
-23.352 23.5488 19.4535
30.0933 -29.5059 4.19354
14.1416 -13.8701 18.9607
-24.8924 25.0697 41.4343
-3.49475 3.68244 21.9146
33.8206 -32.65 2.34396
1.22187 -1.01038 65.9281
33.7281 -32.8262 6.46949
-20.8704 21.778 9.7835
55.7691 -54.5326 44.4575
-22.9693 23.4489 22.1727
16.4345 -15.1866 62.3944
-17.7513 18.2399 3.08903
20.5694 -20.258 16.7375
-4.96563 6.17356 65.2044
25.0829 -24.8253 8.31299
23.0737 -22.7071 11.8183
22.181 -21.7402 11.8482
5.25207 -2.82135 28.5654
35.0992 -34.1692 2.59426
18.2799 -17.7324 17.0446
-22.485 23.0833 13.6441
-1.87782 3.20039 65.8979
-20.8419 21.3671 23.0975
56.4789 -54.5059 43.6535
56.3886 -54.2315 44.9792
19.8334 -19.4718 17.2427
58.0579 -56.6648 28.4988
11.1348 -9.98464 22.5528
43.5404 -42.6062 26.1527
28.4444 -26.7588 53.026
45.3293 -43.7985 45.5898
30.4225 -29.5484 4.79539
57.0837 -56.0656 33.3903
39.077 -38.3317 25.8497
13.5681 -12.0201 20.0818
11.7384 -10.4512 64.535
41.2147 -39.6423 44.973
57.1055 -56.2055 35.7828
30.6044 -29.6822 19.8225
30.9647 -30.4971 4.0798
9.26874 -7.85575 65.3818
-18.2697 19.487 7.5972
20.5557 -19.7603 15.8499
-18.1327 19.4332 2.53595
-23.2394 24.2923 7.50837
-19.2187 19.8568 21.8949
34.6831 -33.7327 5.93867
-18.8225 19.6818 23.6543
-24.2976 25.4147 38.6206
-11.5164 12.5813 20.0239
4.65684 -2.32628 28.7673
4.10338 -3.44338 66.0808
17.9091 -17.133 16.5045
31.2132 -30.5089 4.9313
-2.17574 3.56696 23.4397
6.89295 -5.33207 66.0811
33.9806 -32.0879 22.0264
-22.3048 23.278 5.54058
-16.5856 17.7003 22.5509
-17.2083 18.0207 3.99207
-18.6712 20.0241 27.066
-6.30067 7.05231 19.93
-22.2851 23.349 11.1448
57.8398 -55.8758 26.247
20.0186 -18.5611 16.8786
45.6692 -43.9433 25.5497
19.5971 -18.5203 15.831
-17.1863 18.5976 3.56743
-8.49269 9.63594 19.5506
33.8712 -32.4668 4.56902
15.7703 -14.5482 18.7688
13.9504 -12.9985 19.36
-19.9378 20.3644 2.46594
-21.0506 22.5029 9.30536
56.15 -53.8335 45.6204
46.5881 -42.9498 46.3002
50.9836 -49.199 25.589
-22.6567 24.8862 33.9049
-20.814 22.4797 4.21069
-17.2071 18.5852 24.6274
35.233 -33.8273 3.69364
-14.6945 16.419 22.9292
-18.2805 19.5152 56.7063
-25.1633 26.8645 44.4311
17.5702 -15.9447 17.6406
5.77532 -3.4446 27.7023
-25.0735 26.4985 42.905
21.1241 -18.9963 59.857
-21.8168 23.5686 8.64586
60.5868 -56.8105 35.1624
-15.1127 16.3546 59.8021
53.7194 -50.8888 25.3279
-21.0587 22.995 53.1275
58.193 -55.6034 36.0006
59.7862 -56.7079 26.0516
-4.54733 6.38558 21.5562
54.1362 -52.44 46.8993
40.7769 -40.1617 26.2231
15.1488 -13.4744 19.4513
-18.3925 21.6003 27.845
57.4733 -55.912 33.1237
60.7598 -57.1332 37.1113
37.9614 -34.6616 47.5343
39.5398 -37.1312 46.1041
18.5299 -17.1556 17.1371
59.9983 -56.7574 30.082
-24.778 26.2687 40.8534
26.3898 -23.6737 17.2397
-19.9049 21.8887 28.8058
-16.7524 18.6338 25.7242
-18.3055 20.4371 2.85405
9.89766 -7.65301 24.6049
51.0809 -48.5762 47.5939
-17.3876 19.4136 5.31038
59.1171 -56.0604 40.2506
-8.47854 10.8526 20.5913
-2.73937 4.95812 23.2469
0.111213 2.03738 25.0673
19.6016 -16.9616 61.4303
13.626 -11.0779 20.8761
-18.1027 20.2212 6.5595
4.25137 -0.278103 28.1152
-23.7621 26.0475 37.8415
16.5751 -14.1316 18.6582
35.777 -33.2885 22.9869
-5.84987 8.9228 21.5704
-25.2034 27.2194 45.4633
8.811 -6.12676 26.7277
56.8802 -53.9774 26.1959
4.43889 -1.37978 28.5094
-12.6156 14.8689 22.4976
-19.1375 21.5584 3.55487
44.115 -40.2728 45.5897
49.5497 -45.9942 24.711
-21.4872 23.3682 6.67534
53.4686 -50.3725 47.2299
57.8335 -55.7222 32.955
-25.7613 27.7956 42.7406
-24.2379 26.668 47.4815
17.5163 -15.3282 17.7412
-19.9494 22.2425 6.16657
11.2814 -8.39187 23.1527
-25.3735 27.75 41.494
14.8928 -12.7454 63.7266
30.3805 -27.5902 18.5332
41.9353 -38.8351 25.1783
9.4951 -6.22823 25.6685
-27.2614 29.5491 43.9696
25.3798 -23.235 56.3965
-14.688 17.2897 24.9149
39.2313 -36.2999 24.5836
38.672 -35.5075 47.005
1.96408 1.16408 66.7597
4.9872 -1.73832 66.848
-9.05102 12.5108 22.0297
15.2991 -11.7522 20.0042
60.6173 -57.222 26.6942
59.9433 -56.8365 38.5368
-15.6195 18.7378 25.9563
-17.489 19.8888 3.86867
35.6956 -32.6478 49.0476
-19.9233 22.7959 29.4651
57.5115 -54.5796 25.5476
-29.0947 31.9632 41.6229
8.13573 -5.09098 27.2939
-25.0489 28.0569 46.6378
58.161 -55.4795 32.8622
61.3971 -56.8533 36.0531
6.90347 -3.79817 27.5883
59.5161 -56.2896 32.358
-24.449 27.2425 39.8494
12.3953 -9.20449 22.1297
59.5834 -56.7831 35.114
19.6524 -15.6451 17.7145
15.1113 -12.394 19.4815
20.9039 -17.5087 17.2544
59.7338 -56.1313 25.3848
45.3362 -41.263 25.0473
-27.1864 30.068 44.9361
22.3004 -18.3975 17.2958
-16.661 20.7377 26.897
-29.6658 32.9495 40.103
-3.51134 7.06981 23.3856
-19.0739 21.9549 55.3487
-16.7563 20.4701 57.699
-23.1809 26.6005 37.3774
58.9271 -55.0707 35.5927
28.6439 -24.9557 17.4434
49.8843 -45.4723 47.5483
-15.1669 18.8367 59.2906
45.3976 -40.7296 46.0232
-28.5182 31.5382 43.6129
17.9098 -14.1425 18.4095
61.2642 -57.2915 27.5856
56.5948 -52.1563 24.6591
-18.6077 21.7287 25.391
57.2351 -53.6846 44.1368
-12.9348 16.5224 24.7958
-13.3929 17.159 60.8142
-25.6015 28.7402 40.3674
-20.2197 25.824 32.6471
57.6575 -53.2878 24.9679
58.8109 -55.0019 32.9069
59.2007 -54.946 24.9812
31.7682 -27.4772 52.1737
35.2156 -30.4905 50.1313
-23.0068 27.2448 49.1946
46.8843 -43.3503 24.8283
-11.5172 15.4337 62.2019
-29.8894 33.2612 42.9765
35.6742 -30.9277 21.5458
55.35 -51.0024 46.6597
57.3 -53.1634 27.2523
-33.7084 37.3794 41.1148
43.1272 -38.3103 46.0875
27.0705 -23.4223 56.0071
-9.34771 13.4101 63.5448
59.3451 -54.1984 25.4951
57.9516 -53.5091 26.5721
53.3142 -48.1836 24.6044
28.2529 -22.5607 17.0305
56.6561 -52.1705 45.6802
17.3865 -13.3099 18.5945
-17.7776 21.3806 24.6269
-34.3253 38.3006 42.5649
57.3776 -53.5185 27.8138
57.7609 -54.0289 27.5555
-19.7721 24.5621 31.0218
-24.0423 27.908 39.2042
-6.6585 10.9726 64.8394
-32.5259 36.4421 39.965
24.0031 -19.5484 59.3265
-39.9268 43.8443 41.9913
57.7603 -53.8335 26.6913
-27.5654 31.6736 45.2879
-11.7201 15.9771 24.6982
16.5403 -11.9926 64.201
19.1245 -14.4802 62.9715
13.8602 -9.30851 65.2423
11.3012 -6.7616 66.0489
21.5707 -17.1492 61.3217
-3.56928 8.06658 65.8852
8.95307 -3.75085 66.9126
60.99 -55.1048 40.09
-4.46599 9.01901 23.4071
-44.4167 48.4384 43.8518
-6.59374 10.648 22.0906
60.2474 -55.9723 34.414
-0.437202 5.0454 66.6326
-25.7628 29.855 39.4197
60.2159 -55.3529 33.1057
-48.5028 52.663 46.4755
-15.952 20.2888 23.3419
-39.6307 43.7848 43.2893
58.4135 -53.187 27.1257
-34.9627 39.1606 39.8342
-22.3841 27.2105 36.977
-23.7422 28.7485 48.2507
-43.1954 47.4915 44.5587
-28.9311 32.9004 38.9938
61.6732 -56.7053 25.6888
-52.254 56.5858 50.0167
-39.7013 44.0465 40.7387
57.4472 -52.6881 28.7554
40.51 -35.7114 46.9333
59.5303 -54.2766 25.1242
59.2542 -54.8072 35.0865
-29.6016 34.005 44.2352
1.69529 4.31249 26.327
61.6236 -56.1604 31.1822
-47.8264 52.2122 47.3712
-44.3591 48.7654 42.7224
3.52912 1.96806 27.3825
43.435 -38.2239 24.5694
17.7213 -12.9433 18.8985
-7.92928 12.3868 22.2433
-56.2853 60.7592 52.5652
37.6325 -32.6343 22.6706
-48.4312 52.9744 45.3254
-52.0221 56.5507 51.2275
-14.6959 19.2815 26.0851
48.2958 -41.5451 46.7874
-11.534 16.0769 22.2557
-60.5339 65.1875 54.1782
5.62996 -0.523758 28.5248
-18.4385 23.4105 27.6083
-9.57829 14.1631 22.286
-32.1422 37.0857 38.79
40.6241 -35.369 23.9755
58.3049 -52.5964 28.6316
-13.8133 18.49 22.5836
59.4644 -54.6888 34.5363
21.9342 -16.5339 17.6556
-52.2536 57.0346 48.983
-56.0329 60.7175 53.6897
62.7305 -57.0053 26.8385
61.7019 -56.0192 34.1438
-29.5204 34.7946 38.1405
-22.0204 27.2395 50.2939
60.3787 -53.8015 42.0161
-71.3659 76.2334 55.9569
30.9186 -24.7287 54.1001
-17.9596 23.433 55.649
57.3228 -51.8861 28.1243
-5.651 10.9887 23.4975
19.5689 -14.0955 18.3934
13.5323 -7.29362 22.5774
-34.2826 39.1581 43.8239
-60.1372 64.9916 55.2263
-56.3419 61.2473 51.6057
-15.1906 22.7205 25.7253
56.1477 -50.8378 27.4165
60.875 -55.4957 32.7907
59.5669 -54.8397 33.4086
-22.619 28.115 37.7971
-71.5284 76.598 57.0301
-38.8106 43.833 44.3821
60.8721 -54.6536 25.6615
56.1604 -50.5592 27.0745
-23.2186 28.8041 38.3069
-60.3981 65.4584 53.1968
-25.0502 30.0264 38.8836
57.4292 -52.8952 44.7781
-26.7588 32.3747 46.3466
59.16 -53.5529 27.4
32.2813 -26.7329 18.5458
60.7161 -53.5565 23.4626
-75.6583 81.0232 56.729
61.724 -55.789 24.8605
-42.7591 47.9294 45.7691
-70.8976 76.1364 54.9683
27.6518 -19.3581 17.0914
-9.79101 15.3378 22.9999
-35.1218 40.3654 38.8868
-0.164808 6.23098 25.4872
-46.9715 52.2377 48.3536
15.0602 -9.26687 21.068
48.5314 -41.2408 24.01
-50.8704 56.2263 52.0167
47.013 -39.7132 24.4808
-75.5534 81.0559 57.5904
-39.322 44.647 39.7891
-12.192 17.8328 22.9345
-27.719 33.3481 38.0379
-44.0546 49.4476 41.8601
52.6957 -43.5996 47.8455
-48.323 53.8445 44.5706
-55.3901 60.879 54.736
-75.4983 81.1903 55.9566
60.9309 -54.7923 24.6552
30.4012 -24.3782 17.5466
60.3133 -53.5665 25.7587
-59.5427 65.1886 56.2625
6.56042 -0.468577 67.3458
18.5815 -12.5598 18.9745
3.50004 2.55397 67.2694
62.1513 -55.862 32.903
-52.3115 58.0372 48.4837
-71.0947 76.9104 58.005
60.3059 -52.529 23.0604
-28.9747 34.8217 45.2517
-56.8226 62.6663 51.231
22.4483 -15.0518 62.2789
62.7504 -56.7931 28.8022
48.9576 -43.4555 24.197
-13.7085 21.3157 24.6347
62.0565 -53.973 25.7193
11.0684 -1.97554 26.6541
10.376 -1.30608 26.7623
54.4983 -47.3254 24.0741
11.8817 -2.76935 26.1765
9.90609 -0.816832 26.9957
-11.7227 19.6555 24.0589
-60.4057 66.3643 52.5147
58.6944 -52.2039 26.834
12.185 -3.18658 25.46
-74.8892 80.9639 58.4069
-3.48733 10.0877 24.7528
9.22392 -0.135581 27.1712
6.29472 2.67979 28.5292
43.1498 -35.6863 47.0972
63.4391 -56.5635 27.7764
8.50065 -0.423278 27.6369
-70.2438 76.3335 54.1884
57.2263 -50.6605 27.9092
6.67467 -1.13596 28.4005
32.5768 -24.9871 53.4214
-33.7284 39.9244 44.7996
24.1982 -16.9873 60.8786
-16.6814 23.7321 27.1425
60.1298 -53.4787 27.899
34.1898 -25.1019 52.8297
46.5247 -38.4977 46.6971
25.953 -18.4092 59.5953
-24.2616 30.3576 38.4247
56.8809 -50.2644 29.6982
-74.9683 81.3453 55.2963
-31.4673 37.7289 38.0094
-38.4501 44.7716 45.4312
-76.0782 82.4533 57.3998
-20.237 27.551 35.0152
-42.0632 48.4975 46.7332
-25.0968 32.1519 47.4381
57.866 -51.4724 29.7268
38.8483 -31.9947 48.4113
-34.4406 41.0096 38.1179
-20.621 26.083 52.2305
-46.2237 52.7288 49.3066
-18.1703 24.7275 29.2013
55.4645 -46.3677 47.9547
57.4808 -50.4152 28.5805
63.4577 -55.0811 34.3191
-15.0173 22.3412 58.0919
56.5684 -47.5652 47.558
-49.8189 56.348 52.6628
40.5926 -33.2749 47.6543
-12.9776 21.1769 59.7252
-29.1279 35.6397 37.6837
-11.1692 19.4908 61.2368
-75.8166 83.1307 55.9847
-9.31017 15.3807 23.3861
62.1534 -54.234 24.5944
54.5332 -47.8807 29.4272
-21.7927 29.129 49.8035
-38.8592 45.3912 39.174
-54.6837 61.3257 55.6292
58.8558 -51.3567 27.0646
-44.2656 50.9405 41.5838
-9.24035 17.6791 62.6377
55.7993 -49.0638 30.3308
44.1513 -36.6209 24.1538
-58.9119 65.6672 57.0934
-23.2079 30.688 48.5973
37.3228 -29.8059 21.353
-7.66959 14.9967 63.8968
50.034 -40.8026 47.0431
-48.3209 55.0911 44.4233
63.7155 -54.62 37.0778
60.5777 -52.9346 25.5753
57.806 -50.7771 27.8141
62.1886 -54.4473 25.3862
58.2191 -49.0911 46.5873
-70.6394 77.5109 58.7922
56.0512 -49.1592 29.7875
-51.2352 58.1211 47.3473
-4.11243 13.2026 65.3024
41.5632 -33.7649 23.4241
25.6672 -16.6036 17.2947
39.1843 -31.1667 22.2652
-53.1541 60.0702 48.8549
18.2073 -10.7473 64.4929
15.1274 -7.5396 65.6927
-74.0405 81.5581 59.3574
59.079 -52.0956 29.6089
64.3503 -56.6712 27.7142
30.0745 -21.1987 17.2139
-1.08018 10.1719 66.3369
20.5906 -12.9013 63.464
-56.7962 63.7849 50.9306
1.21052 6.44972 66.981
-75.9652 83.4274 56.9575
23.6727 -14.812 17.5968
-60.1465 67.2016 52.0492
-75.626 83.7427 58.3324
-7.8658 15.8125 24.2076
-67.0486 74.1871 53.1938
-75.3679 82.3351 58.7913
-73.4744 80.6535 54.5437
-9.66818 17.6823 23.9206
-4.85818 13.2163 25.1888
44.9588 -37.1402 46.7248
63.8478 -55.891 25.744
64.0037 -55.552 31.5585
56.9176 -49.0976 28.8831
61.6294 -53.7125 26.7287
64.3249 -56.0259 26.9844
37.6375 -27.5311 50.4831
50.2024 -42.3402 23.8396
60.6914 -53.2509 25.9947
-75.0314 83.0479 55.2017
-27.334 34.7474 46.1993
62.5237 -52.9602 41.1314
64.241 -56.97 28.1483
-29.2923 36.7436 45.6923
55.6315 -47.5471 30.2263
2.77705 4.68023 26.8975
55.8466 -47.4216 28.0826
56.1783 -48.5633 30.7043
63.7751 -55.813 28.2471
59.8322 -51.5345 26.3462
7.50419 1.87866 28.7766
-22.5381 30.7781 37.9974
-33.5356 41.1717 45.4149
-25.4554 33.7608 37.7044
59.6877 -50.5915 45.0869
-21.2579 29.7404 37.5325
15.4601 -6.44961 21.9301
0.715364 7.08338 26.1748
61.4748 -53.3912 23.3297
-38.3706 46.0569 46.1258
59.6916 -51.6846 27.5556
-42.2189 49.9553 47.7173
-34.2373 42.1047 37.7356
58.9566 -50.574 30.3269
-28.663 36.3485 37.4887
62.9209 -54.3564 24.813
-45.4729 53.2609 49.8808
57.431 -49.6303 30.2199
-48.9315 56.7315 53.089
63.8832 -54.7967 35.8366
58.494 -51.0278 28.2653
-53.4822 61.3407 55.9171
-39.6103 47.5073 39.2561
35.2151 -26.1222 19.161
-20.3621 29.0224 50.806
-16.4193 24.4302 56.1486
-58.1567 66.0587 57.5918
-16.4979 25.4064 28.9979
-44.5217 52.478 41.7274
55.0287 -46.8231 28.6814
-19.9919 29.0025 36.2372
-61.7853 69.7361 58.0715
61.9119 -53.7328 25.3866
-47.6089 55.992 44.0368
-69.8798 77.8591 59.2308
32.4936 -23.4212 17.8382
-1.6134 10.1471 25.8299
-51.6541 59.6658 47.8695
-18.1885 26.8871 32.1884
64.9247 -56.5193 28.6223
-55.8293 63.9022 50.4426
-15.0461 24.29 27.1437
11.3949 -1.65793 67.1852
19.0077 -9.65637 19.5919
8.49009 1.12607 67.555
-59.4511 67.5369 51.7503
5.44134 4.09159 67.5048
55.1299 -46.6708 23.9571
57.5999 -48.9931 28.6928
-68.9897 77.1344 53.3975
64.6969 -55.9846 27.1207
-75.2282 83.279 59.0493
62.0963 -53.0025 25.3913
21.7066 -12.6668 18.1923
56.9363 -50.1606 23.928
61.0074 -51.5902 43.5282
58.4499 -48.3714 23.7624
63.2741 -53.3905 24.5636
60.4958 -51.402 26.5513
-11.5188 20.8852 24.6786
-2.52221 11.5136 25.9403
62.2422 -53.1481 25.0542
-13.7779 22.8207 25.732
65.6711 -56.1187 28.0487
63.3535 -54.1725 24.9983
59.8293 -50.64 26.8798
64.2363 -55.2282 25.7349
0.586332 8.94157 26.1799
13.6369 -4.24652 24.1281
35.0736 -21.8498 18.0069
38.6081 -28.7564 21.3593
42.7745 -32.5112 23.3781
10.1522 2.79191 28.5217
3.02939 6.06314 26.7874
2.43936 7.5267 67.0358
-6.24831 16.37 63.9571
-21.2067 30.746 49.5234
-23.1917 32.7849 48.0482
-26.3373 35.4285 46.4721
-27.9746 37.0656 37.418
-28.6437 37.7347 45.8766
-33.7655 42.8565 37.6251
-33.0456 42.1366 45.6103
-38.838 47.929 39.0792
-38.1873 47.2783 46.4637
-41.9154 51.0064 48.1308
-43.8852 52.9762 41.5574
-44.6731 53.7641 49.9718
-47.8936 56.9846 52.9561
-49.9422 59.5679 46.9327
-50.9928 60.0838 55.0969
-51.6189 61.2855 48.3276
-55.4668 64.5578 50.4309
-54.8587 63.9497 56.9356
-59.0312 68.1222 51.6879
-58.2955 67.3865 57.9084
-61.1464 70.2374 58.2181
-65.5281 74.6191 52.7479
-69.0707 78.1617 59.3474
-73.669 82.4205 54.5429
-73.5513 82.6423 59.6166
-74.333 84.2277 59.0995
-74.3855 84.5373 55.6657
-75.2918 84.3828 56.7868
45.7257 -35.0528 24.144
19.8258 -9.24157 64.4833
47.8122 -38.7161 24.572
50.0168 -39.9265 23.9848
51.4625 -41.0471 23.8411
26.5621 -15.8252 60.4457
59.9232 -51.0398 23.0593
32.2266 -22.2543 54.9691
55.793 -46.021 28.6168
56.5083 -46.7269 28.0927
62.2743 -52.8518 23.3023
56.1133 -46.0355 29.4303
31.9171 -23.1755 54.6891
60.0674 -49.3834 28.2801
56.872 -47.778 30.8108
62.8819 -52.9144 25.3553
63.045 -53.3054 25.5192
58.4883 -48.5755 30.3295
41.9089 -29.5522 48.1417
42.0513 -31.8007 47.6547
59.8 -51.3517 29.9892
44.1846 -34.755 47.1771
46.881 -37.1284 46.7326
47.592 -38.288 46.8967
-7.49353 16.9769 24.2002
-2.59858 12.2492 26.0504
-8.9706 18.8735 24.0581
64.9846 -54.7531 25.7429
61.7917 -51.764 25.495
64.12 -53.5412 24.8013
64.9916 -55.4414 27.1946
63.4317 -54.0157 25.5568
64.5649 -54.4945 32.3483
60.4759 -50.5149 27.7165
58.2922 -48.3046 28.8104
-0.160258 10.0343 26.4206
62.1053 -52.9164 27.3714
61.3884 -51.3986 22.9517
64.9076 -54.6804 28.2468
62.6267 -52.1203 23.4068
62.8752 -52.1349 25.5312
-72.9195 83.6091 54.8506
-12.0111 22.2698 25.3498
24.503 -11.6376 17.9759
63.1077 -53.7864 39.5266
-72.0043 82.0376 54.3001
64.3264 -54.1463 34.3673
48.7958 -37.9284 24.4765
-74.2933 84.8681 58.2194
66.062 -55.1672 28.1004
-65.68 75.7152 52.9538
-58.4459 68.5421 51.7503
24.0211 -13.54 62.2609
62.632 -51.1142 27.7894
65.6581 -54.3443 27.7761
19.5165 -7.98092 20.0187
-72.4671 83.1315 59.3574
-54.8112 64.9203 50.4426
22.0381 -11.4429 63.4565
16.5685 -5.86173 65.7226
-74.3364 85.0562 56.9575
54.5449 -45.4487 48.0895
32.0723 -18.9522 17.0464
40.763 -29.6658 22.3419
63.7523 -51.9314 25.6518
-68.7681 78.9708 59.2308
-46.6539 56.8871 44.1043
16.7828 -4.94905 22.0836
33.7058 -20.7718 17.4871
-14.5888 25.7469 28.5598
61.0128 -50.156 29.7784
-60.6451 70.8763 58.0715
-43.387 53.6127 41.7274
-56.9677 67.2477 57.5918
-1.5239 12.0053 25.9789
-18.0549 31.2286 36.6742
-4.55632 15.2493 24.6061
-38.4163 48.7013 39.2561
-16.8439 28.0443 53.62
-15.6527 26.6641 30.0458
65.7657 -55.2556 27.714
-13.8811 24.8686 57.3547
-52.2497 62.5732 55.9171
-33.0137 43.3283 37.7356
58.154 -47.7892 28.876
-19.545 30.4998 50.2139
-5.28676 16.7923 23.8767
-47.6405 58.0225 53.089
-27.2575 37.754 37.4887
-44.1699 54.5639 49.8808
60.2919 -49.1301 30.0075
56.827 -45.585 29.145
60.4218 -49.6719 27.0612
-40.8643 51.3099 47.7173
-19.3385 30.9374 37.2464
-36.9659 47.4616 46.1258
-24.4281 34.9197 37.7647
57.6572 -47.0842 30.7041
-32.0807 42.6266 45.4149
4.25273 7.35048 26.5967
-20.1264 31.5494 37.8146
10.7731 2.64982 28.2514
62.6932 -51.3142 25.7014
-12.8763 23.8411 26.4748
-21.5417 32.2175 38.0742
-27.6526 38.3833 45.6923
2.25307 9.21684 26.7616
-73.2441 84.4589 58.7913
4.381 6.29958 26.8948
57.2017 -45.6665 29.7927
-25.6597 36.428 46.1982
59.4506 -48.3787 28.5868
59.3828 -44.9611 47.1564
21.7036 -9.60012 18.9203
61.2574 -50.552 26.7823
-9.0149 20.1042 24.0283
59.8709 -48.7121 27.8138
62.5992 -51.2137 23.6189
65.0378 -52.6431 33.9394
32.2038 -20.396 55.6109
56.2828 -45.6266 24.0232
59.7542 -48.1323 27.9088
-17.2907 28.6164 33.2662
-67.6222 78.6584 53.6632
45.5079 -33.869 46.8471
-58.1106 69.2375 52.0492
64.9954 -53.2015 32.6766
-73.4035 84.9253 56.0223
63.886 -51.8365 24.6548
-54.6939 65.8872 50.9306
-6.76334 18.4377 23.618
26.6118 -13.3105 17.5584
60.3849 -48.0083 24.0657
-50.9792 62.2451 48.8549
-10.1958 21.6336 24.5435
50.9044 -38.8919 46.7177
-68.4199 79.7304 58.7922
-49.0301 60.3262 47.3473
58.2529 -46.9571 29.7872
43.6814 -31.0595 23.607
39.8567 -26.6307 21.446
62.5301 -48.5164 44.1945
62.4204 -48.065 44.6998
-46.0001 57.4119 44.4233
-56.5762 68.0029 57.0934
59.3583 -47.7868 29.6979
-21.4633 33.131 48.0662
65.8876 -53.6554 28.8019
58.1576 -46.7051 30.3304
-1.3247 12.7215 25.0291
43.6628 -31.4698 47.3059
61.2669 -47.5598 45.6792
30.042 -15.8216 17.202
63.292 -50.2509 25.4946
-41.8495 53.3566 41.5838
-52.2347 63.7747 55.6292
54.5672 -40.7878 47.5475
64.538 -51.0656 40.3631
36.8582 -23.005 18.9642
-26.5487 38.2189 37.6837
66.0995 -53.636 26.8379
-7.12066 19.6989 62.4694
-36.3002 47.9502 39.174
61.3506 -49.5597 26.8435
65.5935 -52.4912 37.0866
-8.89732 21.539 61.1142
-31.9186 43.5316 38.1179
-47.257 58.9099 52.6628
-10.6012 23.2863 59.6256
-16.9852 29.7103 52.2349
-72.2543 84.0593 55.2963
63.3702 -50.4363 25.1236
-43.6378 55.3147 49.3066
0.477919 11.2273 25.292
5.60482 7.87745 27.3216
2.16521 10.064 25.5767
-73.3623 85.1692 57.3998
39.8928 -26.3091 49.9371
-39.4065 51.1542 46.7332
59.6526 -47.0665 27.074
61.5269 -49.4206 28.9374
-24.2571 36.81 38.0379
51.2647 -39.1576 24.1474
-11.0394 23.0182 25.2735
-35.6806 47.5411 45.4312
-71.8729 83.9802 58.4069
-30.8334 42.8194 44.7996
62.2807 -49.3195 27.125
65.9439 -52.2602 35.9099
-21.3217 33.4129 38.4183
47.4032 -34.0274 46.0842
61.2489 -47.4993 24.659
-8.37472 20.6612 23.8289
-67.2425 79.3348 54.1884
-4.04302 16.0194 27.5266
65.7992 -52.5786 25.6881
-12.3654 24.8118 26.8042
-72.0993 84.5893 55.9566
-7.83552 19.9248 27.52
65.2444 -52.6393 31.2575
49.8295 -36.3073 46.0241
-5.25408 17.3267 27.7452
62.7298 -50.2337 27.2502
-57.2733 69.4967 52.5147
12.4704 3.23738 27.6857
64.8829 -52.6296 24.8601
54.2083 -40.8128 24.367
9.06293 4.57598 28.1591
-25.7307 38.0657 45.2517
-71.9649 84.6444 57.5904
15.197 -0.724278 25.5562
56.9498 -44.6124 24.389
6.57135 5.86057 27.239
-53.5753 65.9136 51.231
57.6712 -41.984 47.593
15.2246 0.292377 26.7358
-67.8194 80.1857 58.005
64.6442 -51.8102 32.6508
14.1178 0.928159 27.3082
25.3032 -12.2042 61.8936
-71.9322 84.7493 56.729
-1.56338 13.9023 26.3119
-27.5952 39.7163 37.9634
-48.9462 61.4025 48.4837
46.371 -33.4213 24.4448
60.9797 -48.2285 28.1237
-23.2843 35.85 46.3464
-56.0976 68.6337 56.2625
-8.94221 21.594 27.4673
-19.5915 32.7849 48.2889
60.4537 -46.0778 46.609
7.15664 6.36416 67.0694
4.04496 9.52805 66.6325
61.8132 -48.3976 28.7727
-15.7082 28.4373 31.6753
10.165 3.3333 67.1437
-44.7535 57.414 44.5706
23.5754 -10.0364 62.971
23.1151 -10.0886 18.4941
59.4288 -43.5172 47.3134
13.049 0.490856 66.8159
1.02502 12.6571 65.8861
-51.788 64.4811 54.736
15.8531 -2.21072 66.0497
18.4022 -4.77302 65.2415
21.0885 -7.45276 64.2013
4.16879 9.00003 26.0224
62.6026 -48.8577 26.5714
-1.88945 15.7543 64.8363
-40.3566 53.1456 41.8601
-47.1353 59.9614 52.0167
-35.556 48.413 39.7891
-67.0454 79.9886 54.9683
59.9312 -47.0537 27.416
64.6114 -51.2252 33.431
-18.1608 32.0948 49.1844
-14.1092 27.231 30.1248
0.266732 12.5828 25.5403
-9.29904 22.2067 24.36
-43.1467 56.0625 48.3536
-31.2744 44.2128 38.8868
-4.32212 18.4417 63.5422
62.3808 -48.5635 24.9671
-38.8384 51.8501 45.7691
-67.507 80.6194 57.0301
-3.23505 16.2465 26.7008
64.0395 -50.1064 24.9806
-20.8377 34.0532 38.9046
49.3722 -35.0225 45.5898
-4.6677 17.9265 27.3399
-56.3674 69.4891 53.1968
-27.9947 41.2332 38.79
19.2031 -4.79527 21.1435
-34.742 47.9016 44.3821
-9.79998 23.3371 24.9099
29.4493 -15.3826 58.6943
-24.4032 38.0127 38.5396
18.6255 -2.82504 22.2026
21.9099 -8.85713 18.9008
-15.8156 31.1766 34.0986
-67.1424 80.4569 55.9569
64.4578 -51.0932 33.0608
-19.3982 33.2036 38.9694
27.1452 -12.8097 60.6743
63.9345 -50.4714 33.408
66.3857 -52.1693 27.5847
50.3635 -36.2449 25.0472
-52.1563 65.4329 51.6057
-55.9006 69.2282 55.2263
-30.0671 43.3736 43.8239
-5.05568 19.037 27.1212
-18.5609 32.568 38.3687
62.6121 -48.2832 27.813
-18.1485 31.1081 50.2887
63.1226 -48.6666 27.5546
63.7837 -50.3689 34.5355
-47.9436 61.3446 48.983
52.0444 -37.4929 46.2995
-51.6265 65.1239 53.6897
-13.2372 27.8666 55.4883
-11.3792 25.8466 57.6999
-9.97006 23.619 27.7739
35.6536 -21.372 52.9009
-24.914 38.6926 44.2352
-56.0965 69.6249 54.1782
65.0673 -51.1518 34.4134
17.4013 -1.80776 23.446
-47.4597 61.1131 51.2275
27.673 -14.0834 17.4403
45.7668 -30.5829 46.4072
63.902 -50.1589 35.0855
-43.8834 57.5222 45.3254
65.6297 -50.5349 39.3342
41.7958 -27.3006 22.6181
10.3081 4.52057 28.4548
24.0264 -9.66874 19.1658
59.9815 -44.6263 25.3267
-51.6682 65.3763 52.5652
65.64 -50.7512 31.0215
2.25511 11.3496 25.1789
66.3159 -51.5226 26.6934
65.3841 -50.4207 32.3572
-43.1212 56.9174 47.3712
8.03188 5.68643 27.6204
-39.6744 53.4501 42.7224
-47.4948 61.345 50.0167
-15.0068 30.7132 32.8848
65.2251 -50.6397 25.3841
-34.9555 48.7923 40.7387
20.9641 -6.90208 20.5418
20.1568 -6.02805 20.7642
-38.4005 52.2864 44.5587
63.673 -48.4176 25.5466
62.927 -48.666 26.6907
-30.0696 44.0537 39.8342
-20.6335 34.6785 39.4299
12.8209 2.0518 27.5429
66.3799 -51.3898 36.9605
-43.572 57.5938 46.4755
22.9994 -8.94727 19.4604
-23.8943 38.2645 39.1891
-22.4427 36.5509 45.3581
-34.6938 48.7217 43.2893
64.1652 -49.8321 35.5915
-11.9179 26.0633 28.8659
-29.2096 43.4163 42.5649
-39.3474 53.5077 43.8518
62.2569 -48.2058 27.2516
-0.978212 15.0705 25.0941
-34.7533 49.0178 41.9913
-27.3511 41.6169 39.965
7.31929 7.62991 27.1009
44.4266 -29.13 47.0981
63.0708 -47.7859 26.1951
53.1605 -37.9198 24.9742
-28.2884 42.7994 41.1148
-2.04174 16.7806 24.7881
0.576857 14.386 24.034
33.0134 -17.4816 55.7416
-12.944 29.6919 31.307
20.9453 -6.04337 24.0029
64.0965 -49.7154 32.9062
55.711 -39.7317 25.1533
-5.07719 19.949 26.4138
-6.13078 20.8306 27.0646
22.8876 -8.07685 20.802
45.4148 -30.1862 24.5652
47.9328 -32.8489 25.1731
4.12921 10.467 25.0894
-24.1702 38.9804 42.9765
-18.8294 34.0684 46.6955
-23.7831 38.6971 40.1084
34.004 -19.0452 17.4339
9.457 6.23393 28.3619
-17.4461 32.1894 37.2222
62.2912 -45.1555 26.3555
-3.62363 18.7047 24.73
-19.6892 34.7145 40.4185
-6.03945 21.8306 26.8678
55.5687 -38.7784 47.0491
19.2352 -4.20978 21.5841
-10.1454 24.9943 28.1401
-5.46685 21.3011 61.9392
65.8781 -50.4875 35.1131
7.89566 7.28979 28.0385
36.1065 -23.3627 52.3088
18.6627 -3.09718 24.276
26.0567 -10.5127 61.4289
-22.8713 38.1859 41.6169
21.7944 -6.70064 22.7234
1.94744 13.4771 23.6293
11.5495 4.43235 28.7758
64.6988 -49.0962 35.9996
-13.9067 30.1516 53.1255
-17.5839 33.3246 47.4752
-7.15502 23.187 60.5387
65.7587 -48.9631 28.4977
9.64591 5.34692 28.2886
-10.8716 27.7206 29.4949
65.8015 -50.6913 26.0507
32.4357 -16.9701 17.3416
57.515 -39.9187 25.8822
65.8735 -50.3894 30.0497
-22.4472 37.6092 43.6129
63.1388 -47.1173 45.5659
-8.79068 24.9544 59.0178
-18.1623 33.5656 39.8699
-20.7435 36.0988 45.077
52.8894 -36.2348 45.5899
48.6728 -32.0492 44.9857
-0.177149 16.132 22.6635
26.2292 -10.5597 18.9803
42.723 -26.0604 48.6828
-4.66099 20.2181 24.5472
-4.02442 19.851 22.5836
-19.1871 34.8781 41.4834
61.5358 -45.039 46.8984
30.1266 -13.7408 18.0503
63.6015 -47.3822 43.6528
23.9732 -8.48091 20.2995
22.8207 -7.04263 21.6506
64.574 -49.0657 32.8613
41.1753 -24.8825 22.0109
63.3984 -47.2314 44.7393
66.4454 -48.5432 32.7851
20.462 -4.86578 26.7973
5.66423 10.0207 25.0221
64.9693 -48.7452 26.246
36.5309 -20.6042 18.4138
3.26181 12.7587 23.336
-20.3193 36.2425 44.124
16.2621 -0.192024 25.4392
65.266 -47.3788 41.2516
-16.9379 32.8524 37.9086
-5.80505 22.6513 26.584
-18.6297 34.9082 43.4967
66.7127 -49.3705 38.1228
11.9245 4.79444 66.3595
5.88984 10.9669 65.8987
8.45464 7.4362 66.5375
-2.49071 18.8326 21.7866
-8.96279 26.4008 28.4982
14.4252 2.19713 66.0815
-5.48855 21.5222 22.9802
65.9058 -51.4906 35.1618
30.7556 -14.7848 5.54772
-18.1099 34.277 45.5061
16.9509 -0.181487 65.3817
2.9006 14.0732 65.2011
19.547 -2.65258 64.5334
43.1899 -26.3823 23.5488
21.5805 -4.91283 24.2837
21.8414 -5.80649 63.7277
18.4985 -2.21858 23.2327
20.1311 -3.36127 26.4451
63.6512 -46.6369 26.8451
-17.5795 33.9606 41.1255
28.9221 -12.758 5.51383
30.6352 -14.3361 3.86734
64.8167 -48.7381 32.954
67.1232 -49.2581 36.2286
24.2835 -7.34737 62.3942
-7.63136 24.0915 20.0548
25.0632 -8.68763 20.0326
38.3385 -22.1188 19.6242
0.0282508 17.116 64.1947
-6.8587 23.3674 19.9993
36.4077 -19.2085 52.5744
29.5171 -13.3868 7.24402
-5.68844 22.3819 25.0147
51.1745 -33.5839 44.3203
9.82107 7.01147 28.9186
50.314 -32.3552 44.1346
10.8562 5.23537 28.7131
29.6858 -13.0606 3.37806
51.7608 -34.7348 26.0555
34.6762 -18.0318 17.8877
58.3447 -39.5069 47.0908
65.3005 -48.0086 35.7805
-15.5247 32.5318 35.7559
19.2372 -2.21268 29.7445
31.1446 -14.5829 6.84032
37.6823 -20.5499 51.6641
9.64194 7.20043 28.1161
-2.24741 19.6949 62.9547
12.4682 4.68885 29.0313
31.7645 -15.236 4.91639
-14.5246 31.9804 50.5766
-17.4178 34.1736 42.9358
5.42946 11.5751 23.3211
41.0896 -23.8169 49.7574
29.4291 -12.5703 8.3841
-8.42219 25.4172 21.2705
-17.3674 34.1516 44.5183
66.1379 -48.6861 30.695
-5.89962 22.6134 20.1646
15.831 1.3098 27.4425
65.0064 -48.3778 33.1226
7.47952 9.08527 25.875
32.4161 -15.2805 18.0353
47.4277 -29.9892 25.8387
-14.2928 31.8835 33.6819
28.1445 -10.4881 59.6669
66.5422 -49.0303 35.3193
30.2959 -13.139 8.3757
49.2538 -31.6864 26.2206
19.8104 -3.00019 26.532
-6.60615 23.6255 23.3452
-16.6462 33.8762 45.7433
31.4741 -14.4541 3.46741
59.1001 -41.3952 47.3382
-8.48228 25.219 20.215
3.82991 13.535 22.0529
17.8236 -0.984839 27.5203
29.8603 -12.4523 58.2905
19.0456 -1.73314 28.819
13.127 4.53275 28.5683
24.1291 -6.58956 21.504
63.6285 -46.6723 44.4564
54.8073 -36.3321 26.4021
27.5284 -10.4176 7.95763
15.1454 2.29203 28.0116
18.0598 -0.792322 25.537
12.0937 6.87471 30.4232
-16.3927 33.4124 38.8464
46.3621 -28.6002 25.5013
32.6264 -15.0427 4.80682
2.06478 15.4328 21.4001
-6.7107 24.0495 18.0435
-10.4246 27.3715 56.7068
46.2221 -28.7095 45.8889
20.7553 -3.64351 24.4556
64.5353 -46.4281 27.9042
19.232 -2.12932 30.4492
14.079 4.55764 28.6171
28.0265 -10.3822 9.0689
33.4692 -15.4705 55.4634
65.1607 -47.9861 33.3898
67.1296 -47.7673 35.1395
27.1116 -9.96143 6.75298
-2.53079 19.8041 20.9205
-2.98702 20.7753 20.5263
26.2045 -9.12008 6.64114
32.4119 -15.0582 5.84034
7.06016 10.213 24.3622
48.161 -30.054 44.6261
22.3034 -4.46371 25.0648
21.698 -4.43505 23.6504
66.299 -48.1138 33.4744
65.5483 -47.5469 28.7405
44.8918 -25.821 47.3786
31.3035 -14.008 7.59906
18.078 -0.172154 24.8541
26.0952 -8.21932 20.3382
-5.84551 23.6004 18.3013
24.6194 -6.78858 12.0028
17.3808 1.94653 27.9191
-9.64802 27.5295 20.8083
36.8428 -19.4672 18.768
19.1947 -1.32695 27.8328
22.0537 -4.30254 18.9704
28.1583 -10.0501 3.77337
26.0897 -8.54719 6.18457
62.5704 -44.7304 47.2794
-9.50944 27.1818 19.6769
31.1027 -12.7225 2.89117
-8.62075 26.2835 18.2993
11.9481 5.51191 29.2881
-10.59 30.0887 30.9239
38.7388 -21.195 19.8092
61.1601 -42.6378 47.4035
-6.06779 23.7278 25.2749
21.3699 -3.48655 20.0139
27.0228 -9.45502 5.55598
64.6054 -46.1001 46.3304
-7.03404 25.1096 15.9116
26.2868 -8.0846 11.9747
22.8272 -5.11653 18.0324
-6.97533 25.2725 24.2554
63.7163 -45.9089 45.376
20.5916 -3.06948 26.1815
29.405 -10.6516 19.6456
-1.10372 18.7141 6.73858
20.2806 -2.38224 23.902
-1.40161 19.1412 9.08289
-5.64091 23.4309 15.6412
17.6331 0.204079 28.6994
22.5033 -4.82035 24.1876
64.6557 -45.9418 47.3894
-1.54822 19.4023 6.42947
66.7342 -47.863 34.8982
-13.7452 32.9212 48.7669
23.3779 -5.51503 19.0024
-5.31045 23.3229 19.2275
-3.27895 21.8612 20.1812
0.73567 16.9264 5.91929
8.64583 8.81393 26.2028
0.989417 17.026 2.96618
2.63222 15.4358 3.61887
23.7694 -5.52648 11.9741
-6.30165 23.354 27.0809
22.52 -3.83092 62.9842
65.4173 -47.4553 35.3475
1.79098 16.2565 6.80882
2.72548 15.4057 5.45872
18.7999 -0.734887 23.9187
-0.174967 18.2 4.4473
28.1891 -10.1032 9.55988
-5.58287 24.3361 26.5435
65.328 -47.323 34.4587
-3.13755 21.1785 11.9282
25.1674 -7.05261 13.4775
17.3758 1.52862 31.9493
42.601 -24.5125 23.1908
-16.0167 34.11 42.5076
0.467194 17.7355 8.45459
32.9189 -14.76 6.05375
63.7482 -45.6636 44.1716
24.6668 -6.35351 9.85387
56.5059 -37.2644 46.3247
10.1014 7.86913 65.9283
-5.13941 23.1777 17.2593
28.6318 -9.74854 3.30911
23.5134 -5.49007 13.4274
2.15019 16.2616 2.58377
34.3327 -16.2585 18.5017
26.753 -7.65627 60.4465
-3.62842 21.8529 10.9337
63.0713 -44.6584 45.1918
-9.21469 27.8006 17.853
21.1248 -2.3562 19.4179
-5.18547 23.6289 12.8644
-15.1307 33.8378 39.3205
26.0197 -7.5129 6.47785
-6.03692 24.711 25.8841
-1.98141 20.4341 6.4066
43.7229 -24.4035 48.2625
60.4305 -41.4764 26.8268
63.2657 -43.1801 28.267
32.9895 -14.164 4.28314
23.3462 -5.00632 24.7085
24.3274 -5.96583 18.6291
-9.55595 28.7635 22.745
31.5828 -12.9143 19.0208
22.6759 -3.97733 14.992
53.0496 -34.2042 26.9755
-12.1409 30.6671 52.8463
18.3021 0.565212 29.4966
-2.92777 22.2452 61.2758
-3.81114 22.755 9.88992
8.4615 10.9317 23.2304
30.3529 -10.8609 3.05153
2.90668 16.0724 7.32597
22.8372 -3.2317 24.5571
33.1052 -13.9215 8.40465
44.4169 -24.856 24.9258
52.2442 -33.0188 43.5549
18.0172 0.657053 27.7702
26.9299 -7.92184 5.46477
30.8479 -12.0908 9.07296
-3.90581 22.5669 16.2156
2.83346 15.7311 20.894
17.9359 0.600247 30.9457
6.53223 12.4253 21.9991
-2.0323 20.53 12.3642
62.998 -43.7863 46.4519
-5.96338 24.5819 59.5487
4.97069 13.8905 21.283
34.2453 -15.1138 5.56954
-14.2841 33.1071 36.1247
66.944 -44.9988 49.2425
18.3033 1.17816 26.7583
19.8721 -0.735242 23.919
13.5082 6.8375 31.6426
54.4001 -34.6935 44.2205
33.9572 -14.9228 6.79728
35.915 -17.2995 19.0045
-9.24653 27.8639 56.3673
17.7439 1.51301 30.4032
-6.39545 25.5474 13.6849
22.5343 -3.03968 25.7438
15.5831 3.47435 65.2026
13.2241 6.19574 30.058
30.8429 -10.3168 10.0518
3.28108 15.6155 6.37013
34.1764 -14.6645 4.06214
56.9013 -36.8754 27.3375
21.785 -2.70363 25.624
24.874 -5.43182 9.20526
4.3242 15.2062 3.55712
63.2911 -44.0123 44.1079
62.1974 -42.8087 44.123
0.695447 18.6076 10.0947
32.3836 -12.4234 3.21917
-11.6021 31.8621 32.7176
66.9352 -46.2822 32.3564
61.3925 -40.8047 27.8789
3.19076 16.1527 2.36121
41.4055 -22.0996 22.0918
-3.65536 23.6042 19.1675
-10.1358 29.0962 19.6198
48.187 -28.3677 43.8966
62.4095 -43.1571 44.8328
-4.19343 23.8549 18.7373
37.9546 -19.08 19.8085
0.0834585 19.5395 3.49475
10.0534 9.15383 25.7496
37.2137 -17.3445 51.7487
-4.1918 23.6333 17.6528
-5.30223 24.8449 27.456
11.5645 8.16944 28.0113
26.8487 -7.51753 13.6109
49.0973 -30.0953 27.0223
14.4058 6.8089 30.6991
66.9596 -48.059 37.8963
25.8374 -6.79882 15.4258
19.9829 -0.593247 63.8061
-1.32232 20.5913 12.6888
13.6267 6.43722 65.0817
26.0012 -6.42401 7.00504
29.511 -9.72674 10.1999
48.9972 -28.885 27.7296
24.3177 -5.13938 23.8671
17.4185 1.66455 30.9923
-0.459441 20.264 20.1379
11.9847 7.13187 29.4261
33.1203 -13.6342 19.3321
4.10412 15.4351 5.44216
-10.6406 30.6389 21.3984
47.0993 -27.2878 26.8186
-14.3631 34.2285 42.1268
24.1265 -4.73635 24.6534
63.1769 -43.3514 48.1308
19.2193 0.566322 25.7031
38.7831 -18.5242 50.6065
63.6093 -44.2849 46.9512
4.15369 15.6836 20.6643
16.801 3.75765 29.5493
-0.535767 19.4796 4.14155
-12.9691 32.654 34.0925
-6.85674 26.2859 25.0171
24.1517 -4.01359 25.2887
46.9775 -26.9185 44.8273
53.7797 -33.6994 27.8291
-2.21053 22.0096 6.43764
23.5848 -4.16458 11.9699
32.3125 -12.1316 9.6988
-9.2027 28.8887 17.0887
2.10045 17.8297 2.25786
27.5249 -7.54361 4.8265
14.6487 6.46064 30.0777
-14.226 34.1791 40.6079
-3.91497 24.0727 9.44597
18.5854 1.41863 27.1853
28.6547 -8.2335 12.623
-7.09511 27.2199 14.1797
65.7439 -45.5012 40.8294
20.2153 0.216685 22.0754
66.4452 -44.0643 49.9619
66.1418 -45.3637 30.5149
61.067 -41.3327 43.531
-1.32168 21.6772 13.8337
-2.10711 23.0558 19.5497
33.7079 -13.3678 3.05654
24.2678 -3.45688 23.7256
25.0727 -4.52467 61.1481
60.3185 -39.9477 47.1616
19.5168 1.11249 26.6966
-2.33754 23.3755 16.4178
58.6024 -37.2395 46.2103
-4.59896 25.3306 27.4344
34.7665 -14.4601 19.8402
61.0833 -40.9125 42.4218
16.9104 3.27194 32.0573
27.9492 -7.17308 59.1436
-0.948465 21.5269 19.741
-10.1072 30.2598 19.1209
30.6466 -9.93883 56.9252
33.8697 -13.35 54.6397
7.78923 12.0566 64.8701
-0.771491 21.7065 4.86267
4.77938 15.0783 64.2692
26.9481 -6.6789 15.6788
-9.73172 29.7764 54.0393
1.95222 17.982 63.3579
27.7644 -7.30673 14.0755
33.2547 -12.7101 9.35632
4.34326 15.7938 3.02866
66.2984 -45.0952 39.4169
-5.52295 27.6366 28.8546
10.8172 9.18004 65.122
25.4852 -5.02829 23.5178
26.7624 -5.54702 22.3588
50.38 -29.9525 28.1696
0.23843 20.7311 61.8772
35.0415 -14.4946 4.64572
57.9379 -35.8206 45.2134
35.2346 -14.2416 7.10938
-13.0307 34.087 44.5839
35.1547 -14.8002 5.7633
36.906 -16.7849 20.0859
-6.64627 26.7941 57.4096
30.2254 -9.01707 21.1565
2.75907 18.0372 20.2253
-5.40431 26.1307 26.681
-4.09443 24.2648 59.6463
-13.1605 33.5663 36.5199
40.9606 -20.1075 22.2951
30.3372 -9.35657 10.4615
-6.2573 26.9339 25.793
65.2436 -44.1655 41.7592
14.3479 7.3371 31.3469
62.2741 -40.7071 44.5741
34.2224 -13.6741 8.41524
50.1983 -29.5934 42.6918
3.36533 18.3009 2.35473
17.7423 2.70855 33.457
-10.5011 31.3885 22.0994
63.1058 -42.2469 42.6118
-9.71778 30.2929 23.2931
16.9898 4.23752 30.3801
19.0333 1.98219 25.0845
6.51563 14.2711 21.1314
18.552 1.85491 29.6704
3.52596 17.2274 8.05616
4.99071 15.6679 4.43058
63.0447 -40.9042 45.6617
-2.62107 24.511 17.4649
53.3829 -32.4247 42.5016
17.3364 3.71911 29.0988
8.01386 12.8355 21.947
45.6976 -24.3617 46.3016
41.5204 -21.6569 49.4891
39.183 -18.3876 21.2616
-8.97104 29.8769 16.8434
61.3037 -40.6248 41.3647
9.32957 11.5048 23.0578
62.3345 -40.8778 47.8255
23.2166 -2.09359 25.4471
44.543 -23.3447 47.4195
31.6165 -10.1952 3.08593
10.5525 10.089 24.6822
45.8575 -24.5895 26.7632
-8.79682 28.777 29.686
23.8432 -3.08141 11.6938
4.53628 16.5628 2.84056
13.1787 8.519 28.6416
2.22207 19.6705 2.81013
30.5385 -9.46567 2.99314
42.8853 -21.9387 23.8159
17.2116 3.54955 32.994
21.3576 0.249442 62.5288
18.1793 3.17903 29.4224
61.3866 -40.0463 43.3838
24.3035 -2.8805 25.6188
-4.0465 25.0891 9.67637
35.39 -13.2462 4.22914
60.8913 -38.9054 40.8769
67.2681 -46.3936 36.2255
28.3866 -6.92547 4.24935
55.6659 -34.1078 43.3212
60.2777 -38.3248 28.9961
32.6543 -11.1545 20.9002
5.71211 16.0438 6.60595
54.5518 -32.805 29.3591
-5.83283 27.3422 12.4466
-12.6894 33.5381 47.0145
-11.9401 33.2763 34.7102
-11.9325 31.9761 50.7319
1.25398 20.5587 3.15423
24.1938 -1.52725 24.8057
-4.27635 25.8691 27.2527
-1.75868 23.5924 6.45578
-10.0454 31.0683 19.7567
25.8202 -3.33784 8.51098
48.4438 -26.7845 42.7379
16.9381 5.11027 63.7253
2.80471 18.9212 9.80239
23.5561 -1.67154 61.4659
47.5069 -25.9259 43.7074
47.7483 -26.4166 28.2174
33.9763 -11.6559 3.2446
2.37249 20.2296 10.378
-9.70684 31.1965 51.6351
1.28016 21.2796 11.6359
-8.6322 29.9522 24.3083
6.19313 15.6718 3.59635
36.2185 -15.0321 20.6041
17.9301 3.41843 27.1823
6.19133 15.5881 4.8728
5.66901 16.267 2.40466
5.40367 16.2651 20.5741
-3.11135 24.8281 18.6878
-7.15451 28.4997 55.268
61.1596 -39.5821 42.3131
30.2663 -8.134 3.44682
-0.021355 22.4117 4.71414
34.9582 -12.7779 8.15817
18.5297 3.35547 34.2377
33.2691 -11.1207 9.57167
14.6905 7.9872 33.4655
37.6066 -15.4953 50.7472
21.4201 -0.360905 18.3868
16.8705 5.35107 31.2614
16.8781 4.74187 33.4941
28.5865 -6.0955 22.6495
30.6657 -8.6391 10.9133
66.6972 -43.9607 32.9362
68.2282 -43.9801 50.8674
19.6675 2.37447 30.2941
51.1951 -29.0149 41.3502
65.1494 -43.3366 30.2112
63.3223 -41.3831 41.9502
37.9076 -16.0301 21.4028
5.05705 16.8574 7.86431
-3.77525 25.3708 58.3903
66.5914 -44.0932 37.5174
41.6473 -19.3606 48.718
14.8095 8.36379 32.356
-8.44043 31.3375 31.7043
64.7831 -41.528 47.6604
-3.37958 26.2187 28.0903
54.8157 -32.4113 41.5814
51.2478 -29.2988 29.9155
49.5998 -27.3841 41.5402
11.4418 10.4735 25.0317
27.882 -6.2082 15.9288
-9.51773 31.5225 19.887
35.6902 -13.5276 6.91274
35.9669 -13.7188 6.26869
-0.642072 22.9586 60.0853
-11.9852 34.0393 37.5528
0.406322 21.7725 19.7246
57.7146 -34.6647 43.8927
62.2555 -39.2978 40.7818
29.5349 -7.16913 13.5278
3.31061 18.4336 62.6424
-9.94313 31.9457 22.8116
6.11747 15.6406 63.4648
61.2726 -38.2779 46.8208
9.08405 12.6875 63.9963
39.3457 -16.5776 49.3593
48.8846 -26.2267 30.0951
-8.407 30.5345 17.0181
-9.2495 31.7213 23.8418
4.9005 17.5636 1.6951
20.8943 1.62371 28.1425
11.9097 9.95289 64.23
63.1732 -40.2552 41.4694
58.0353 -35.227 30.2091
62.7791 -40.2135 29.8291
-12.0677 34.3706 41.571
17.4469 5.50756 31.4995
26.9934 -4.41179 23.0017
18.1843 3.91906 26.2408
46.7155 -24.2912 28.2666
19.6259 3.03577 23.5295
43.5901 -21.1513 25.1619
-7.45639 29.9135 25.0238
3.94334 18.7114 20.2915
61.0163 -38.655 41.4971
-0.880858 24.1623 6.03782
35.6033 -13.3596 21.3872
-5.54983 27.8731 26.0854
14.434 8.23311 30.7823
14.6125 7.49257 64.049
0.452537 22.7857 13.2331
-4.001 26.9082 27.3345
13.7186 9.21304 28.4137
54.7698 -31.6624 40.7059
17.2162 5.02772 28.9566
65.7586 -42.0246 32.2849
25.3868 -1.04528 24.3242
18.5015 4.56286 31.2192
66.3197 -41.7302 34.8099
-9.50348 32.7683 33.5392
19.2638 3.22361 33.3643
-4.61807 27.2772 11.2398
25.0137 -1.26913 25.7098
-1.0224 24.2643 19.7064
30.917 -8.11487 55.845
26.4055 -4.27107 23.0924
5.71583 17.3607 8.15119
-9.93863 33.0831 47.3733
15.3514 7.68761 31.8375
46.2118 -23.1809 44.9013
4.37579 19.5222 2.30943
7.88753 15.4423 21.3273
62.4681 -38.9705 43.4168
26.9224 -4.30465 59.161
26.9976 -4.17779 6.87448
35.5826 -12.3564 8.36217
3.54917 19.5826 9.8656
6.38522 16.7988 2.3109
64.7514 -42.7389 41.7475
59.745 -36.7813 30.1925
39.233 -16.3466 22.5752
-6.57994 29.6128 53.0141
44.6535 -22.0411 46.8112
9.61385 14.0061 22.3167
-10.8151 33.7554 35.4956
36.3877 -13.3104 4.94942
17.1057 6.1794 32.1262
29.4243 -5.74365 23.4408
-10.7362 33.8635 45.076
24.2067 -1.12698 12.1859
-6.13832 29.8226 30.3755
28.4528 -5.77226 15.8208
31.697 -8.15654 10.3736
32.7322 -9.8926 22.1452
11.0797 12.6737 23.5864
24.4946 -0.852731 25.4666
-4.39355 27.5096 55.4843
17.4969 5.77423 34.7743
32.48 -8.6494 3.24439
34.2177 -10.8014 9.49493
45.5884 -22.4282 27.6295
65.5718 -42.1597 39.9851
40.9048 -17.0249 24.1247
1.63724 21.741 3.51846
7.06507 16.1194 3.66698
-2.4597 25.4022 57.7495
7.38572 16.4404 5.04527
36.454 -12.9213 7.19944
47.0661 -23.1712 42.6329
18.217 4.72764 26.2906
-5.69652 29.0016 13.9874
20.0071 3.64596 30.5975
21.6706 1.48587 61.6912
18.4446 5.54994 35.9786
31.0242 -7.16566 3.70708
56.5146 -33.3319 41.9459
52.5801 -29.5572 31.4952
-4.25101 27.5411 26.6831
35.6715 -11.9182 3.20236
6.66891 16.5828 6.63292
-8.1517 31.3854 19.2269
38.5563 -14.5966 23.2345
-8.6152 31.8626 21.4137
64.6728 -40.705 40.0246
-1.95522 26.3789 17.9302
-1.39676 24.9635 16.6951
-2.42077 25.6819 19.174
-2.70012 26.8694 27.7417
-2.19904 26.5264 28.1678
32.7197 -8.24706 9.88139
67.0542 -42.8345 50.7219
-7.15973 30.6579 17.1802
-8.00789 31.7896 22.9982
60.4672 -36.3715 45.6273
27.1591 -3.2482 23.9846
49.2565 -26.1459 40.6763
17.5805 5.61085 28.3373
22.0329 0.961642 17.332
2.49844 21.2861 60.4896
49.3507 -25.9868 31.3934
66.3323 -41.3248 50.2259
-10.8253 34.3317 39.0451
51.9827 -28.5403 39.7835
19.4808 4.09212 36.2489
30.8089 -6.5074 12.8951
48.311 -24.3626 31.6655
-7.69493 31.1162 24.638
34.3444 -11.5455 53.1974
62.9165 -38.8774 31.286
26.3881 -1.96213 25.3993
4.55949 18.7853 61.7984
17.2675 6.09509 30.0882
64.8883 -39.0101 46.2999
26.0276 -1.54225 24.0062
27.2758 -3.74654 23.3359
45.2323 -21.1002 45.278
10.2813 13.1769 62.9737
7.35356 16.1103 62.4897
37.3492 -13.2933 49.6168
12.9608 10.5321 63.2002
58.477 -33.8877 33.1976
67.9402 -43.2211 50.7532
1.62265 24.0094 4.59297
36.8159 -13.0408 5.64514
47.4814 -23.4482 41.5428
-5.9086 29.9643 25.2863
62.701 -38.3624 41.9377
63.374 -39.1771 40.583
27.3252 -3.29533 58.0269
37.1738 -12.3165 24.0423
-4.6097 28.8689 25.8005
15.5006 8.15574 63.0072
28.9419 -5.19195 15.684
64.1507 -39.6534 39.9669
38.8118 -14.4851 48.5121
52.2053 -28.2799 33.0955
53.9719 -30.0774 32.9469
17.6396 6.73805 32.9329
22.3838 1.60895 28.7663
14.8212 8.96994 30.1293
27.8767 -3.57002 6.66859
-10.1483 34.2733 42.5135
63.596 -39.3506 48.0792
-1.83863 26.8312 28.7182
51.0762 -27.2534 38.9522
24.4 -0.0453358 59.6824
15.0248 9.22822 35.4489
20.4453 3.97617 36.3967
49.4208 -25.4409 38.7746
21.9738 2.22678 31.1281
27.541 -3.58461 23.0178
5.25374 19.0943 2.12742
34.9857 -10.5982 9.12302
65.0216 -39.7016 47.0546
-6.86066 31.7171 48.775
66.0857 -41.4159 37.0035
26.2161 -0.728841 25.7422
-1.1575 25.9697 7.86078
2.65783 22.0183 3.28072
29.3089 -4.90131 5.1626
22.3003 2.44374 30.2129
56.5351 -32.47 40.4289
49.5307 -25.5577 32.9057
18.8753 5.23751 62.0623
67.396 -41.6222 49.8475
7.19804 17.6099 6.35134
5.88329 18.7682 8.28234
12.6173 12.0751 25.1469
61.9514 -37.0628 32.4818
46.6057 -22.3385 30.4881
18.6542 5.42112 26.1898
56.0296 -31.5999 38.9225
48.4227 -24.2504 39.3686
17.5647 7.10752 34.1661
6.6441 17.6563 20.9118
31.7406 -5.69732 4.0487
6.68846 17.905 2.49659
44.6452 -20.5014 27.7387
-1.8071 26.3328 19.6198
-9.66645 34.0037 36.5597
15.3885 8.68792 31.9823
42.4435 -17.1866 26.2869
-5.04016 29.5646 15.3653
22.7411 1.79985 16.9156
37.2234 -12.0202 6.02413
14.2655 10.8229 27.8641
34.0465 -9.81597 52.3487
49.7956 -25.4607 34.5585
16.2905 8.61451 34.2072
26.8856 -2.36439 8.26382
14.8623 9.94913 35.2834
15.7496 8.60185 33.9648
25.0099 -0.106276 12.0417
15.4217 7.64917 32.6981
1.8656 22.964 58.7307
54.1142 -29.6092 37.6635
36.6703 -11.5824 4.2592
41.4782 -16.6661 47.3311
17.981 6.38447 28.7348
49.8468 -25.4539 36.4821
31.4779 -6.8533 24.0942
32.4813 -7.76869 3.22776
0.144178 24.2594 20.2606
-6.95475 31.6439 32.3176
36.5793 -11.5067 7.69036
22.2438 2.8907 34.6955
7.58669 17.3086 3.76931
54.8312 -30.1921 35.0606
65.4922 -38.1411 44.6515
-5.23556 31.0576 20.4274
7.66574 17.253 4.92239
19.9376 4.9791 33.1497
47.9069 -23.1993 37.6236
48.0159 -23.3467 35.1802
17.7387 6.79983 30.663
58.8022 -33.8532 42.2751
-2.61416 27.5636 26.6634
-2.18838 27.4222 18.4184
8.57601 16.5143 21.6475
-8.48133 33.8456 43.9847
-2.29505 27.5013 19.2849
22.6335 2.61246 59.9808
1.42334 25.1492 5.92485
47.1203 -22.304 40.6496
5.72096 19.3988 60.4519
47.2402 -22.1758 34.4514
29.2093 -4.56037 15.7582
57.7239 -32.5827 35.2532
-4.28459 30.3843 23.0026
33.0327 -7.05846 9.6752
-9.38159 34.3103 40.3052
56.2881 -31.3868 36.728
27.5898 -2.57807 24.1497
57.311 -32.3136 39.1256
45.8403 -20.9293 30.401
32.2034 -6.58379 10.7367
10.1694 15.201 22.5467
18.7501 6.0302 35.9504
22.2468 4.13269 33.2125
33.5618 -7.02313 3.42617
2.08625 23.1131 11.6242
18.577 7.14314 33.5822
64.2713 -39.1608 33.166
61.245 -35.3645 44.5991
-5.58985 30.889 19.0005
-8.51411 33.4663 35.3213
33.1214 -7.80087 52.0535
64.7116 -39.1641 37.9084
57.1112 -32.0605 37.5979
28.6966 -3.14099 6.71304
-4.49399 29.3544 25.3894
25.0294 0.942097 25.9322
12.8745 12.0043 62.0142
34.1854 -8.44784 9.06318
30.7689 -5.26217 13.2529
2.89192 22.5594 3.29302
40.8707 -15.5592 25.3466
3.44657 21.9151 10.2129
23.8892 1.71096 29.8671
43.6734 -17.7308 28.1551
15.5889 9.34343 31.1757
4.50567 20.6384 20.9917
45.1453 -19.7917 43.648
11.6748 13.9439 23.8136
-3.59007 29.1651 51.5879
20.5013 4.54488 37.5867
64.4742 -39.081 38.7666
1.516 23.8586 21.1418
64.2261 -38.9488 40.7733
-0.422733 25.223 56.7
5.50469 20.3091 2.13175
7.78052 17.9721 6.35479
8.24756 16.8059 61.193
16.3208 8.75107 61.7694
19.2636 6.38854 35.3443
20.6117 4.23681 23.2114
15.9123 9.1581 32.9844
42.1798 -16.6935 46.2783
34.8116 -9.79093 3.38616
26.6876 -1.52107 57.5448
36.3375 -10.7588 4.26202
21.8852 3.6029 36.836
7.36452 18.4174 2.38399
6.46305 19.4987 1.77278
65.5109 -40.0047 35.6533
19.6845 5.50394 25.408
60.9873 -35.386 34.2201
16.0691 9.59244 37.6778
36.4589 -10.6417 48.2981
6.56052 19.6411 8.24254
64.3655 -38.644 40.2049
8.20073 17.9919 3.3383
27.3603 -1.54225 25.0679
14.4492 11.2499 38.9927
5.55614 21.4164 2.46587
7.3214 18.7553 7.38877
21.7541 4.13496 38.0096
-1.91417 27.6168 20.3202
4.47905 21.1494 59.2401
20.2339 5.20962 60.6805
8.24783 17.5356 4.64859
27.9209 -2.33434 24.1684
23.6738 2.02381 32.2431
-3.58309 29.519 30.6524
0.0645577 26.8327 29.2934
39.4329 -13.0352 26.1703
18.7212 6.77021 28.5093
64.9907 -38.3695 42.8411
8.03583 18.0884 21.7305
-5.95078 32.2416 33.8534
34.4774 -9.0207 24.8751
38.346 -12.4919 47.1703
26.721 -0.286026 24.7822
-6.43992 32.664 46.1995
18.6065 8.17154 39.0595
62.5393 -36.7342 34.3861
-0.621478 27.1247 26.7939
26.9474 -0.858134 9.9851
-7.97926 33.834 36.9358
60.3864 -34.1753 41.6573
44.6354 -18.1381 30.1975
28.7024 -2.64003 18.7414
29.7169 -3.41611 14.9157
28.8625 -2.91368 6.57779
64.075 -38.2655 34.898
28.4068 -2.36691 7.76575
-0.371667 26.588 28.3434
30.1485 -4.23648 5.6542
36.9498 -11.0604 5.34576
16.1298 10.1759 36.6683
69.2107 -42.764 51.6736
-0.259381 25.7947 15.1754
60.364 -34.1519 36.4949
0.498653 26.1296 7.91991
-2.35333 28.509 25.5967
18.4741 7.27158 31.2265
23.6519 2.7124 31.8165
2.09474 24.1064 22.1315
23.6667 2.38294 35.1793
63.7491 -37.6767 37.07
45.6152 -18.7692 37.3524
61.0194 -34.2375 39.9634
36.8096 -10.7427 6.66718
16.2095 9.87378 34.7203
27.7399 -1.32171 23.9857
19.3408 6.53394 35.4435
16.2265 9.87166 32.8744
23.2841 2.654 17.877
63.4033 -37.6626 46.8812
25.4248 0.617449 57.6791
-7.81003 34.0023 41.3336
45.8298 -19.2807 32.9083
-0.841966 27.4494 11.8078
-6.92704 33.375 44.3417
62.2112 -35.5865 36.8431
1.17102 25.0171 55.6086
-3.23788 29.5111 17.568
-2.86122 28.9453 19.1404
62.8015 -36.6524 35.8382
3.60487 22.9043 57.0823
-3.65795 30.6962 32.3702
42.1668 -15.6034 45.0097
44.9791 -18.5362 41.0262
15.4183 10.6966 30.2671
20.8791 5.54744 35.6462
3.18471 24.3135 9.9408
21.4399 4.78804 23.7369
-2.6903 28.8741 20.6276
24.287 2.60479 38.6366
65.1317 -38.2897 42.0111
0.777341 25.52 13.2957
13.6394 12.5419 60.5858
41.5736 -14.7666 27.7063
64.1354 -37.7268 40.4623
35.532 -8.95375 3.11335
37.3394 -10.6032 5.45602
29.5647 -2.82012 7.16335
14.8396 12.2151 39.9219
36.9142 -10.0295 4.06141
32.69 -6.45876 25.4096
16.7049 10.5463 41.5327
10.4621 16.3073 59.4169
-3.94463 30.2437 20.5419
3.99171 23.1186 9.59462
12.9797 13.7679 25.4549
1.09569 26.3108 9.06836
61.8641 -35.1251 43.7063
15.3688 11.6313 41.2325
32.7664 -5.30795 4.44891
35.7098 -8.16821 7.86397
40.9067 -13.7347 44.9529
64.6676 -37.9112 41.4586
25.6112 1.69419 26.5017
20.0812 6.38874 27.0616
-0.202872 26.7899 13.9404
17.9061 8.52834 60.1714
7.80981 19.5888 2.69536
32.0207 -5.17445 10.7589
31.3417 -4.43441 51.6576
27.8394 -0.854906 25.0264
-3.94591 30.9768 48.0077
36.4748 -9.4383 7.31239
7.2489 20.5181 2.85642
45.3471 -18.166 34.9496
-1.2741 28.2084 24.4459
-0.383305 27.2724 12.9817
0.888039 25.7732 22.7469
23.3959 3.36697 38.5336
14.2566 12.3889 27.5916
11.1242 15.8438 23.6681
63.3033 -36.6938 38.4027
6.2172 20.3882 58.3923
42.8483 -15.6203 29.504
16.3578 10.4235 34.3618
63.8302 -36.525 45.3395
33.0775 -6.1401 49.9317
25.9507 0.37164 12.1637
43.2644 -16.2058 42.1786
12.9832 14.4531 44.1136
23.4909 3.22608 19.3088
69.0421 -41.3791 51.474
33.2235 -5.91634 9.04668
8.02378 19.3315 22.9785
28.866 -1.9991 8.77573
25.1031 2.9066 27.0626
61.8741 -35.0068 41.6742
8.68095 19.059 5.26836
6.58823 20.805 23.1829
66.7743 -39.139 47.9231
25.0802 1.9523 37.5825
21.1189 5.5846 59.2084
0.616276 26.5932 24.6034
-6.46122 33.5144 38.097
14.6043 13.1376 44.413
19.592 7.17204 29.6184
63.0556 -36.0319 41.9717
31.215 -4.16884 6.06147
27.0717 -0.0529993 11.5017
7.26303 19.8212 7.58724
20.8935 5.94769 36.2362
23.2006 4.16661 57.6456
8.59045 19.1753 3.80021
19.3983 7.47093 31.855
22.2886 4.61058 37.3456
19.7434 7.14872 34.1705
26.7867 0.521717 25.5291
64.1279 -37.0497 41.6999
69.421 -41.0756 51.3174
0.997344 26.3814 27.4205
36.9301 -9.27383 27.7306
15.9711 11.1731 37.3802
25.3409 1.72188 56.6271
37.1689 -10.1499 45.9075
1.48977 26.1672 26.7301
4.0645 23.3689 3.21839
15.2575 12.1653 30.293
25.3098 1.72021 33.5706
-0.0277347 28.3853 49.714
-1.1517 28.9141 31.1868
21.9829 5.15887 24.9846
41.8024 -13.7662 42.4807
21.4841 6.45392 39.4281
29.3639 -2.31597 15.1166
3.71103 24.2412 3.86241
13.0084 14.5354 43.6483
22.6352 5.27617 37.2701
1.52973 25.7361 24.2706
25.7362 1.66519 31.8222
-6.08547 33.4346 42.0964
9.89711 17.4385 23.3706
37.3408 -9.77625 5.21168
28.2199 -0.678134 53.3675
30.4251 -2.97188 7.67429
3.00041 25.2183 9.3433
34.0556 -6.39608 27.0512
66.1792 -38.2927 46.0932
14.2586 12.9755 59.0866
27.5729 -0.235066 23.3152
26.3606 1.31743 35.321
1.77927 26.022 28.9165
35.5541 -7.58453 3.77967
43.9329 -16.309 32.2712
7.34626 20.3716 56.5461
23.4454 4.08182 22.4934
63.7368 -36.2412 43.6561
3.21023 25.2276 6.57146
29.6476 -2.11942 9.85134
2.1656 25.8026 9.7669
32.0634 -4.40513 9.52561
29.4972 -1.37383 26.3267
35.327 -7.69161 46.1239
14.1378 13.3972 27.7609
15.9447 11.6686 33.4098
43.0157 -15.137 39.1694
25.822 1.91408 18.2887
5.80953 22.2977 2.26215
15.984 11.7251 35.9179
28.0601 -0.461751 11.8786
5.59899 22.2923 55.1779
21.0915 6.41179 27.9291
28.9812 -1.4535 15.393
15.6671 12.0915 37.9948
33.0022 -5.00478 8.20754
6.60081 21.4074 7.49879
65.2668 -36.9942 45.6466
-4.16146 32.4639 43.8198
1.77088 26.2392 52.1317
30.2902 -2.60712 11.6216
36.6515 -8.97328 3.9233
20.7146 7.0126 58.0204
33.8758 -5.83017 4.73656
68.1296 -39.4213 48.9654
37.1372 -9.68153 6.4566
3.93539 24.6146 4.66535
21.09 6.57585 35.1447
-3.46993 31.8867 35.8845
37.2345 -9.54974 44.6539
65.5794 -37.5813 42.763
32.2905 -4.31702 7.37339
22.4114 5.31062 36.2974
20.3583 7.36452 33.1067
22.5864 5.32035 26.9178
28.8699 -1.05785 12.3015
26.9191 1.16502 23.3595
12.2966 15.7184 44.9239
13.0525 14.9051 26.4843
27.738 0.160978 18.047
26.9616 1.47101 33.3474
24.7845 3.27536 22.5242
21.1008 6.9695 30.1193
40.3603 -11.9966 30.8091
24.2604 3.85265 37.0651
25.7356 2.37835 26.6739
26.8596 1.13469 18.746
13.0284 14.8973 57.6117
25.2787 2.68876 55.433
-3.61968 31.7351 45.6125
26.5848 1.97974 38.3691
10.7236 17.4376 24.9322
14.0731 14.5842 40.387
21.0855 7.74452 43.426
36.4117 -7.98368 4.78203
17.4557 10.6827 43.9542
37.186 -8.55039 29.4204
15.1095 13.332 32.1253
41.8433 -13.2775 34.2383
8.11584 20.1562 3.6837
12.7616 15.555 47.3217
5.14522 23.416 26.6474
31.9556 -3.75318 49.094
-4.5071 32.743 38.6346
23.9532 4.46604 27.2379
26.8413 1.52357 26.4695
3.13077 25.4412 29.2354
66.8107 -38.7519 48.7544
-2.14741 30.5264 33.501
8.27397 20.1876 4.85636
11.3716 17.5623 44.8581
42.5542 -14.1764 36.9866
36.5195 -8.22266 6.40145
38.5171 -10.0722 43.1086
22.1418 6.14278 35.1476
66.6623 -38.2714 45.8172
24.789 3.79218 27.9146
40.4855 -11.7986 42.1781
14.1425 14.5866 29.7828
12.2394 16.427 26.8658
27.6461 0.87127 34.9374
-3.15356 32.1158 41.4661
6.7301 22.4616 7.36936
20.6047 7.99593 56.4861
21.6673 6.85372 33.1334
11.1125 17.4071 47.4294
9.14461 19.6359 26.0333
66.4588 -37.8759 45.1866
3.36056 25.1943 51.9382
25.1057 3.35837 26.2141
13.3861 15.0345 56.3322
3.54924 25.2367 7.8768
29.0519 -0.153649 39.5715
28.1404 0.281322 38.4763
4.53405 24.4986 29.3304
9.89539 19.2511 47.1206
8.40559 20.6567 3.5299
7.7809 20.7051 54.3393
35.5222 -6.94982 43.2609
17.3203 11.456 46.788
35.2247 -6.01708 41.231
23.8487 5.10458 39.671
8.26842 21.3423 5.33116
6.41094 23.0808 2.91496
69.1058 -40.3021 50.8842
23.4883 5.44687 34.6093
67.9081 -38.9575 48.5279
24.2761 4.47833 54.83
24.1193 4.83445 29.1647
14.0138 14.8697 54.6027
66.8019 -38.3306 48.0473
12.8774 15.9436 49.8053
31.8333 -2.90928 47.6706
29.7787 -0.860625 38.6141
37.3748 -8.39757 42.3738
10.7258 18.1353 50.4669
9.9926 18.8406 53.1696
5.8001 23.7753 7.47748
40.9662 -11.3761 38.4943
4.24927 25.0091 50.4845
29.06 -0.110503 50.2127
24.7088 4.66365 29.1401
25.7347 3.31698 36.0787
23.4921 5.6606 31.073
7.27933 21.7694 51.6019
9.70075 19.587 27.7863
9.01147 20.1105 49.3472
34.5667 -5.43896 42.0354
27.0129 2.27245 27.8583
29.2508 -0.130859 35.8931
16.7217 12.4963 50.2743
20.9075 8.3338 54.858
-2.05659 31.4759 38.7049
28.1806 0.995085 35.3456
15.7476 13.448 52.4757
14.7236 14.4375 35.0141
29.8574 -0.753142 27.8145
-0.106007 29.6026 34.1572
2.62837 27.6098 47.5344
37.5395 -7.84517 32.1307
33.6003 -4.23904 40.1514
26.037 3.48209 39.8628
30.9604 -1.46756 47.1405
21.0673 8.6377 53.2006
6.8246 22.8213 30.1028
39.7969 -9.52325 38.3017
6.59399 23.394 4.13222
29.8236 0.0509157 38.5652
23.5148 6.23331 43.8057
12.5 16.8125 42.6793
36.1629 -6.75823 41.5789
35.8315 -6.52769 30.3639
12.934 16.5089 30.0557
31.127 -1.50453 39.9267
11.8177 17.877 29.8633
32.522 -3.08354 40.4582
27.9488 1.78821 39.8229
21.0282 8.88813 51.8121
13.7256 15.9144 32.4919
40.0895 -10.2075 39.4571
8.18324 21.6796 3.71957
39.3221 -9.24028 35.9728
6.14029 23.4905 49.4919
24.3235 5.10839 53.2648
27.5866 2.15215 35.257
2.50622 27.0639 31.3722
24.7858 4.93985 31.651
8.36807 21.141 48.2835
7.50781 21.6561 2.61838
32.5081 -3.1356 39.0491
0.544429 29.2996 46.7119
29.6054 0.176986 29.4747
13.767 15.8579 38.4817
29.8817 0.088209 46.458
39.0203 -8.63466 39.0275
30.3621 -0.126984 37.1724
13.4372 16.6 34.9882
22.0483 7.68165 46.6965
28.8374 1.17137 34.6226
26.3199 3.55668 29.8539
4.60049 25.5206 31.459
23.3048 6.92126 48.6738
0.183099 29.8696 36.4845
33.2783 -3.45102 31.3952
7.84398 22.2411 5.13617
28.5705 1.44449 33.0226
24.1795 5.7459 51.7403
11.7018 18.3704 43.0264
0.59968 29.8589 42.1352
10.7281 19.8501 33.3418
28.6003 1.69855 43.6594
29.1321 1.1119 45.4626
34.5834 -4.38295 39.5172
32.7488 -2.67248 32.7697
36.3791 -6.19664 33.4887
26.345 3.92163 43.808
32.2579 -1.96984 38.4588
38.0397 -7.48489 36.5105
24.5053 5.73767 49.7915
3.54953 26.8045 32.9054
12.1222 18.1936 33.273
2.69568 27.991 45.9623
12.0244 18.5277 40.4606
9.72142 21.1171 44.2138
7.95996 22.8037 46.1056
4.59911 26.2572 46.7231
27.0077 3.40768 45.565
6.20393 24.663 33.3677
36.5051 -5.87535 37.8298
6.2937 24.6244 46.5291
35.9151 -5.3356 35.5246
3.40811 27.594 35.9434
2.27451 28.6881 41.9188
2.31038 28.6474 38.3922
11.1994 19.8006 37.2647
10.7844 20.2542 40.5948
9.29934 22.1329 37.7389
7.77336 23.5589 36.0665
4.0735 27.2915 39.0594
7.55664 23.9843 42.7572
5.57528 25.8622 43.6668
5.18973 26.1686 36.6151
9.42231 21.995 40.3505
6.70911 24.874 38.7315
