3400
36.8915 -70.1323 88.6692
37.0862 -70.4203 88.2014
36.0522 -69.5811 87.6146
35.9244 -69.2109 88.22
36.7479 -70.1669 87.7104
37.8755 -70.3043 88.7565
36.4722 -68.7934 89.1842
36.3075 -69.3997 86.8943
35.8651 -67.9949 88.6825
37.3093 -70.181 87.6444
37.3437 -69.4831 89.3354
36.9238 -69.1942 87.8545
35.6046 -68.1359 87.9622
36.3011 -68.9512 86.8185
38.2732 -70.3624 88.2348
35.8881 -68.3485 86.9457
34.6973 -67.062 87.0607
35.2545 -67.8652 86.3979
35.1439 -67.093 88.2289
37.053 -69.0114 87.5326
36.344 -67.2126 89.4085
37.5661 -69.7057 86.7177
39.1568 -70.198 88.8169
39.4515 -70.3279 88.2002
37.2612 -69.3109 86.2483
38.8317 -68.9071 89.5049
37.5598 -66.637 90.1642
34.8411 -67.1347 85.4707
36.4195 -68.2742 85.2161
36.9939 -67.2103 89.8139
38.239 -69.4464 86.2193
39.1854 -70.0898 87.588
37.3187 -68.7753 85.7867
37.1959 -68.5958 85.0862
36.0062 -67.6933 84.3057
34.1836 -65.6155 86.4785
34.1911 -64.1243 87.3922
34.6792 -64.3664 88.2624
38.8772 -69.5157 86.4401
39.7317 -69.9987 87.6825
39.9488 -69.8985 88.3524
39.8413 -68.7393 89.2387
34.1246 -65.3507 85.1165
38.6183 -68.8256 85.6015
39.4826 -68.8986 87.7214
36.9545 -67.9805 84.4633
34.282 -65.1315 84.0898
40.2096 -69.7185 87.5962
39.0234 -68.5092 85.0015
34.8257 -65.8824 84.0078
39.3499 -69.0754 86.3014
35.4656 -66.2853 83.7446
40.1301 -69.2663 86.8381
40.4926 -69.1227 88.0934
39.423 -66.6372 89.8844
38.2736 -67.9769 84.4858
35.1853 -63.2046 89.3392
35.9316 -66.2701 83.8929
40.102 -68.7742 86.7564
35.8686 -63.9386 90.2802
38.7715 -66.069 90.3227
33.5494 -63.1098 86.2505
40.4523 -68.9784 87.3332
33.4938 -62.2165 83.7233
40.0211 -68.3151 86.3866
36.6182 -63.5064 91.1264
40.0339 -66.8946 89.3299
36.8712 -66.4234 84.2378
40.5323 -67.8258 88.5654
34.4198 -64.0891 83.2934
37.3264 -63.2507 91.4329
33.2942 -61.8058 84.7338
40.011 -68.0489 85.3049
38.058 -66.5673 84.5078
33.7279 -60.5707 87.7693
39.2662 -67.8801 84.4201
34.9632 -64.1749 83.231
40.7625 -67.968 87.6779
34.4434 -61.7733 88.7028
35.759 -64.1885 84.0518
38.0558 -63.0367 91.4213
33.0816 -60.2674 86.0951
35.4683 -59.716 91.5031
40.3641 -65.8222 89.1307
38.7294 -63.078 91.4476
41.0122 -67.623 86.2927
33.6581 -61.9144 83.0082
40.1238 -67.5606 84.2424
35.9834 -65.2068 79.3364
41.1315 -66.8481 88.1126
36.7508 -64.1763 84.0975
34.123 -62.0965 82.8717
27.6767 -48.3388 105.129
39.2061 -66.322 84.1942
27.8836 -48.4945 104.998
41.507 -66.8324 86.924
36.8502 -65.8853 79.0159
34.1762 -59.8374 89.1037
26.0763 -47.9026 101.399
26.4057 -48.1223 101.328
34.6138 -62.1046 82.9235
27.6683 -47.9367 105.142
36.0101 -64.1131 80.7981
28.4815 -48.3171 105.581
28.4289 -48.5452 105.376
37.2238 -65.7899 78.3925
39.4504 -63.1326 91.1612
36.0455 -64.7503 78.7381
35.8335 -63.9254 80.2277
35.0332 -62.1562 83.4702
35.0572 -63.4821 79.2858
35.1229 -63.5155 79.5851
34.7387 -59.5746 89.9805
28.0919 -48.1861 104.502
33.2695 -59.8709 83.0124
36.9785 -64.8146 80.3034
36.8866 -64.9893 79.7759
41.1646 -66.9012 84.9688
37.9416 -64.0189 84.0558
35.533 -61.107 83.9038
36.2943 -59.994 92.0465
28.2753 -48.3058 103.81
28.604 -48.3234 104.952
32.496 -55.6785 94.0866
36.6962 -64.5243 79.7831
37.0276 -64.9673 79.1908
32.9341 -58.4609 86.9817
35.1101 -62.0978 79.6575
32.6064 -58.9264 84.5647
37.1139 -64.6522 77.7559
41.4319 -66.7722 85.7655
38.7629 -65.879 78.7392
35.8729 -63.489 79.5066
32.1335 -55.5502 92.7264
33.6657 -56.445 94.5384
37.9109 -65.7914 78.8515
33.2731 -58.2882 87.99
35.0566 -58.9203 90.9993
28.3071 -47.331 105.235
37.4374 -64.834 79.537
31.3081 -54.8039 92.0041
40.1152 -66.0883 83.8147
27.5615 -47.9604 101.503
28.8142 -48.4074 104.145
27.3843 -47.1209 104.112
33.262 -56.1705 93.5527
29.4549 -48.8488 104.677
35.5045 -62.5964 80.8758
41.3634 -65.4599 87.8292
33.5336 -57.6041 88.7869
32.8119 -54.9167 94.8068
32.8237 -55.7996 92.7498
37.1121 -60.1173 92.2395
40.195 -62.9244 90.4746
31.6371 -54.506 93.569
32.2053 -55.1598 92.5049
35.9022 -63.059 80.1315
30.6079 -54.4965 90.5964
36.9027 -63.7837 80.1572
34.1802 -56.7915 93.6588
34.9917 -57.1678 94.4129
33.81 -60.1373 82.7364
29.3996 -48.5163 104.314
31.5497 -54.8372 91.9293
33.9874 -55.9114 95.4011
32.3659 -55.7618 91.0248
38.3438 -64.9016 79.592
38.891 -65.7095 79.0026
36.1484 -63.3318 77.8543
38.2287 -64.757 77.7336
40.575 -66.0633 83.6491
37.8902 -64.7628 80.0444
34.5016 -57.7338 91.2489
35.2096 -62.0821 80.3303
31.8445 -54.8033 92.1148
33.6989 -56.2947 93.0326
35.1988 -57.6986 92.8042
34.5473 -57.2015 92.45
32.274 -55.6906 90.1827
28.3882 -47.6604 102.794
34.3183 -57.8117 90.2049
34.5859 -61.8114 79.5127
38.6935 -65.7331 78.4655
33.5353 -55.7063 92.6261
29.9093 -53.7719 89.6468
36.6076 -62.0863 83.756
34.2266 -60.1406 82.84
26.1882 -47.1408 98.595
32.3535 -56.9091 86.8239
32.1016 -57.0077 85.975
34.2416 -58.4824 83.2774
37.8731 -64.7792 79.0946
25.8976 -46.8701 98.4314
32.4338 -55.255 91.3979
32.58 -56.7145 87.8863
30.9091 -53.8026 91.7547
32.8143 -57.7253 83.1023
34.2228 -56.6835 91.9802
28.0437 -47.7354 101.514
39.1259 -64.0731 84.0531
38.8639 -64.918 79.7446
32.9513 -54.4126 95.1931
38.9502 -64.6857 80.3132
30.6718 -53.0818 92.7981
30.1541 -53.1458 91.0037
31.4317 -55.4402 87.7053
37.9098 -60.0192 92.1196
33.2647 -56.2023 90.4402
29.7777 -48.0597 104.672
38.6974 -64.9127 79.1557
29.4919 -52.5595 90.5091
26.7109 -46.8738 98.7599
33.4262 -55.694 91.1406
23.516 -48.7442 85.1504
31.9334 -55.1703 88.9586
35.2688 -60.8292 80.0981
35.5088 -61.7002 80.1826
37.1874 -63.938 77.465
36.1342 -57.8811 93.0257
40.7845 -63.5764 89.092
33.035 -53.6748 95.9487
34.2422 -56.2253 91.4423
34.3348 -55.1336 95.7893
35.1737 -61.0613 81.2781
41.5753 -65.2418 84.0893
33.8408 -56.6686 89.7968
33.9878 -55.6428 92.1403
32.9937 -56.095 89.0746
32.0555 -52.7359 95.2473
37.8444 -63.7334 79.9821
41.8703 -65.3936 86.3424
35.3424 -61.1697 78.2392
35.744 -56.7762 94.5066
34.4277 -56.6487 91.1145
30.4329 -53.956 87.9567
23.3205 -47.4615 87.3368
29.6167 -47.4121 104.685
32.1373 -56.7298 84.3119
22.7623 -48.2718 83.1863
24.9712 -50.0291 84.1107
29.1971 -46.8866 104.714
39.0875 -64.3663 79.7546
38.7183 -60.0475 92.2094
34.2948 -59.641 80.501
33.847 -58.4022 80.5881
29.632 -48.1122 101.902
33.5071 -58.1349 82.9685
34.0343 -55.5669 91.5235
38.5667 -63.8153 80.0751
40.0978 -63.9867 83.9708
22.4968 -46.9751 85.2535
30.4605 -52.0607 92.2592
24.2499 -49.5536 82.5245
30.5758 -48.6721 102.428
31.0443 -52.0149 93.5302
37.8327 -61.9193 83.5522
31.0248 -54.9989 84.9362
34.9497 -60.1457 80.6793
36.5694 -61.6052 80.7815
29.4268 -52.2663 88.4183
36.8999 -57.5676 93.2586
41.8684 -64.9569 84.8123
40.271 -61.594 90.8131
30.4212 -48.3168 102.226
30.7619 -48.5785 102.605
24.9269 -47.7332 88.9652
36.3899 -62.1 77.6699
27.8089 -46.9761 99.007
39.7121 -63.9792 80.7236
34.2775 -53.7782 96.8263
26.844 -45.228 101.378
39.9074 -64.9079 79.2835
36.5259 -56.5417 94.7656
41.601 -63.2783 87.9262
26.1769 -46.4713 95.716
29.1995 -52.5647 86.2031
32.0359 -56.1906 83.353
39.0652 -63.8275 77.6952
40.436 -63.9546 83.6264
29.3508 -47.3418 101.696
28.7348 -50.7465 89.6832
38.5071 -63.8825 77.4625
25.5254 -48.7293 86.7258
26.4412 -50.0376 85.4008
34.0696 -57.9063 79.7513
39.8666 -63.8473 80.1712
30.2785 -51.2897 91.9713
36.5146 -59.9889 83.6623
39.6692 -64.5273 78.644
32.3987 -53.1737 91.9868
28.1767 -46.7954 99.1276
34.9962 -59.0192 82.271
35.3247 -59.3451 80.7753
28.4044 -51.9041 84.717
39.5147 -59.8541 91.9863
30.4777 -50.8238 92.6781
24.4094 -46.0731 90.7287
35.8357 -55.0703 95.8051
32.9941 -53.4604 92.4453
37.1905 -61.5074 80.393
27.1016 -46.7434 95.9998
32.3411 -56.1601 82.8785
31.29 -51.03 94.9328
34.1059 -58.1612 80.8953
39.7713 -63.3819 79.3822
25.6389 -46.8602 91.4755
31.9365 -55.2919 84.0187
33.0051 -53.5518 91.3059
41.0008 -62.5763 82.8539
37.2171 -62.3405 77.4337
39.0749 -61.9791 83.71
28.8319 -49.749 91.2488
30.7272 -50.5219 93.7889
27.5768 -51.2451 83.2315
28.9803 -49.5356 91.9635
27.7242 -46.5768 96.3646
37.8342 -57.2269 93.3246
27.0418 -48.1393 90.3194
35.4547 -58.2362 83.8978
27.0376 -48.8147 88.2627
32.8151 -56.1655 82.6248
33.9214 -53.6726 92.4002
28.2077 -50.391 86.766
34.7964 -58.3218 81.6306
35.7176 -54.0142 96.7246
33.4897 -50.9765 97.5513
27.3941 -47.6246 92.2122
30.8098 -49.8987 94.6405
41.4071 -63.7855 83.1628
29.4568 -49.1955 92.945
27.8053 -46.8568 95.2028
33.9538 -53.7519 91.1485
33.5854 -56.0978 83.1216
26.9561 -46.5576 93.4727
34.3734 -53.8518 91.724
40.1425 -62.3171 80.8034
30.2815 -53.1527 83.0735
27.2544 -50.6879 81.9373
28.683 -46.2073 98.9411
30.6707 -46.7606 102.777
31.6932 -54.7653 82.1402
31.4644 -48.1866 100.696
33.4728 -56.7732 81.1534
33.1947 -56.5678 80.9597
38.7277 -57.4933 93.223
36.4315 -59.1598 82.1781
40.0659 -62.0501 83.8666
28.9616 -47.0194 96.9373
38.3532 -61.5057 80.3611
39.9647 -61.9653 80.0992
27.655 -46.6119 94.4452
37.7865 -55.9472 94.8978
38.5371 -62.3522 77.4352
41.3859 -61.4718 88.573
37.7375 -59.7609 83.4662
40.3146 -59.4634 91.4014
31.78 -48.1895 100.84
31.935 -54.8209 81.8334
32.1976 -47.6607 99.2882
31.1645 -47.669 100.386
35.1395 -57.6228 80.8066
31.733 -49.5248 96.3182
31.4131 -53.8315 82.8106
40.6199 -61.9001 79.5143
23.4397 -45.9829 83.7864
26.404 -45.6356 92.9364
28.9642 -46.9793 94.8829
30.5605 -47.1716 99.6578
29.9915 -48.5234 94.2489
28.4958 -47.1987 93.9846
34.3704 -51.3271 98.0329
32.324 -54.8763 81.9358
28.2797 -44.1697 102.069
38.9595 -61.5014 80.7368
29.3671 -46.8945 97.0223
30.4088 -48.4169 95.16
26.7597 -45.6541 93.4003
26.9016 -45.6332 93.8378
23.3821 -46.3457 82.0888
32.928 -50.0581 97.4528
36.934 -59.1807 77.8801
24.653 -47.9183 80.9325
36.3941 -57.9533 83.8549
42.3328 -62.2593 86.0568
39.4687 -57.6682 93.0296
40.5202 -63.2811 79.4842
32.5379 -49.3253 98.0362
35.0518 -57.0082 82.7309
40.6121 -63.2086 79.2271
26.5152 -43.5984 98.2462
29.1728 -46.9934 95.5139
40.5899 -61.2589 83.4737
37.0737 -59.0693 81.8115
33.5237 -55.7511 79.873
35.1187 -56.2928 84.2436
32.0508 -54.5546 80.8875
39.0871 -56.4304 94.7177
24.7217 -44.9681 88.7416
30.6846 -47.8436 96.6639
39.6606 -62.4821 77.9177
30.4673 -45.4851 102.895
31.1101 -48.0686 96.7566
34.6727 -56.5274 82.1102
31.6493 -48.4769 97.0944
30.2399 -46.3983 99.4717
41.892 -61.3981 87.5042
31.686 -53.9816 81.0484
34.7251 -57.5037 79.0447
32.547 -54.6579 81.2935
30.0421 -52.1431 81.8287
37.7431 -54.6272 95.6474
38.9825 -59.8818 83.6162
35.8694 -57.2451 78.4962
32.5342 -48.106 99.3194
37.7528 -60.2383 77.7447
38.189 -59.0418 81.7447
29.7455 -44.4784 102.607
31.3077 -47.5179 97.9787
32.6191 -48.1351 99.7557
40.9496 -59.3047 89.8643
40.609 -58.6456 90.9478
29.867 -46.4208 96.9429
40.4264 -57.4456 92.7626
39.8761 -56.5968 94.4293
40.338 -61.8593 80.2344
26.9188 -49.2013 80.3444
35.8354 -51.4646 98.1985
40.3298 -60.6498 81.2631
42.2588 -61.7754 83.8445
33.2903 -48.689 98.7757
32.4148 -54.2539 80.2606
33.6554 -49.0422 98.7223
38.3018 -59.5355 77.7894
35.0393 -56.278 81.1408
31.243 -52.5638 81.5141
40.6668 -56.906 94.29
41.5143 -61.7755 82.7337
40.1412 -61.4583 79.7778
37.7071 -53.5281 96.293
36.3328 -56.8014 82.8112
31.6785 -46.0824 101.299
42.036 -58.3902 88.1278
37.851 -57.1855 83.8554
31.1052 -46.7338 97.5726
33.387 -54.4442 81.2323
32.7171 -53.5731 81.9018
39.1933 -60.3665 77.9169
27.0399 -43.3463 95.7548
36.2922 -56.0161 84.0641
38.9375 -59.0509 82.1313
34.5086 -54.857 82.0965
41.9665 -61.5535 82.8529
34.96 -54.9085 82.6523
29.7692 -50.9012 80.2542
39.6858 -54.903 95.7331
40.8875 -61.4438 79.3402
31.8516 -52.8135 79.8557
34.3387 -48.5568 98.9942
37.0141 -54.9084 82.8695
39.9998 -60.8405 78.1565
40.4282 -60.9738 78.6447
41.0205 -56.983 92.1994
33.4489 -53.0918 82.3535
41.0737 -57.4483 91.1261
34.1168 -54.2861 81.2053
34.2237 -55.1094 78.9825
41.784 -56.1476 93.6251
38.997 -57.0197 83.9161
42.0998 -59.0588 87.6346
25.5407 -43.9399 87.3538
34.557 -54.3679 81.402
33.0696 -53.5277 79.584
37.5244 -56.6334 82.3754
41.2238 -57.5117 90.0758
40.0041 -57.9825 80.8898
39.7464 -53.8391 96.6493
39.8519 -58.8568 82.198
33.5151 -52.9105 82.1024
40.4422 -59.9071 80.5767
42.576 -60.1299 84.4465
31.1676 -51.2971 80.0484
41.2406 -59.836 82.7089
37.6371 -51.2322 97.8565
25.3774 -45.8579 79.867
24.8761 -44.9393 81.1087
41.9247 -57.2088 88.6734
40.0897 -58.339 80.6234
32.6482 -45.6565 100.217
39.8946 -58.0433 83.8147
34.5818 -52.9134 84.1115
41.5836 -55.5814 95.2591
28.66 -42.0695 99.1825
41.9455 -56.0785 94.4177
38.2174 -56.0527 82.5965
35.8228 -48.5816 99.5273
27.0048 -47.3095 79.0139
41.3534 -56.3653 92.0145
41.0401 -56.3919 90.9913
41.6511 -59.7967 82.5899
36.6763 -56.5392 78.3888
40.3702 -58.7089 82.1517
41.1848 -54.8359 95.6613
40.9385 -58.92 80.5108
42.0926 -59.97 82.8178
28.1554 -43.082 93.9055
36.331 -54.435 83.0411
42.5259 -59.163 86.1354
25.3463 -43.9427 83.3428
31.9786 -43.9496 101.235
41.223 -58.832 80.4419
38.8548 -56.6919 82.764
33.2761 -45.3128 99.7659
28.2104 -42.9739 93.4669
41.9476 -55.8223 92.9811
41.3619 -55.4631 91.45
41.4374 -55.3456 91.9688
27.9917 -42.9411 92.7769
33.8541 -53.1042 78.8574
41.0475 -57.7136 79.5727
30.1265 -49.5423 78.6532
35.3803 -54.4163 78.5614
37.4411 -56.3589 78.5215
40.4722 -58.0752 81.5245
41.5849 -56.3322 89.652
41.9185 -55.9945 90.239
41.676 -57.8264 82.827
41.1635 -53.4791 96.6976
39.4637 -51.3069 98.1308
32.1383 -51.038 78.5884
33.6954 -45.2761 99.6823
41.7976 -55.2268 92.3905
34.5281 -51.4698 83.7785
36.0069 -52.4568 84.3155
40.1028 -56.6713 82.6661
31.344 -42.452 100.673
26.7091 -42.947 86.448
42.699 -58.272 85.5259
34.5657 -51.3529 83.3998
41.7574 -55.4794 91.0762
38.1959 -56.4605 78.3607
31.2494 -49.85 78.4444
42.6525 -55.3666 92.5819
29.3054 -41.5548 97.039
40.0734 -56.0775 84.151
32.8447 -42.8091 99.8494
34.2237 -45.1202 99.7524
28.0098 -42.2099 91.1459
37.5392 -48.3893 99.2123
42.8441 -55.4243 93.2313
42.9744 -55.2673 93.8688
41.9237 -55.7547 90.6925
42.794 -54.7934 94.2965
39.1469 -56.8328 78.4414
42.2066 -55.2431 90.9636
42.4775 -53.9987 95.015
40.8743 -53.573 91.4818
42.3668 -57.9326 82.9568
38.6602 -54.3339 82.9976
35.1323 -52.4724 78.5726
42.4381 -53.5256 95.5091
40.3738 -57.2584 78.9391
40.458 -56.2759 82.0032
42.3515 -55.6885 88.8995
36.3326 -53.7997 77.5988
28.1702 -45.8755 78.3162
41.3155 -53.3612 92.2526
40.0349 -56.0602 81.0497
27.4461 -44.6352 79.7453
29.7638 -47.7528 76.9466
40.9472 -51.0287 97.9051
43.0565 -55.2934 90.7898
42.7725 -56.2718 87.6958
27.1105 -43.8985 80.721
33.3867 -50.7442 77.8114
41.3555 -53.4086 90.9896
37.4302 -52.2838 84.3899
42.8275 -54.8415 91.1465
31.9045 -41.8676 99.5419
36.1829 -50.8094 84.0146
26.9023 -42.9654 82.315
28.2272 -41.5011 90.2216
40.2449 -55.9732 80.8512
43.2633 -56.3725 85.8502
30.2561 -41.5796 94.8642
42.0424 -52.2316 96.5021
43.3988 -54.974 90.0946
35.6103 -44.9844 99.9109
43.3745 -54.9794 92.3353
39.5846 -54.5996 82.7254
35.9877 -50.647 83.67
33.4203 -42.4575 99.5461
39.2764 -48.4315 99.4628
28.1366 -45.3079 77.9405
27.9136 -46.1814 74.6248
41.3007 -55.8315 83.1461
27.252 -43.7773 79.6754
42.1302 -53.1118 92.318
26.6483 -44.2849 76.3351
43.6205 -54.6406 92.6915
29.3517 -46.8477 76.191
40.0723 -54.7445 82.5216
37.1547 -53.6246 77.7126
26.8465 -42.4051 82.1623
41.6813 -56.3107 81.0239
32.0286 -41.6892 98.2252
31.3216 -48.4853 76.2931
27.9194 -41.931 85.8275
25.7758 -42.4511 78.3795
30.0847 -40.8572 94.7613
43.5119 -54.3306 91.9002
30.1476 -48.2412 73.0042
42.2769 -53.1155 91.1789
25.5524 -41.7516 79.2356
43.7329 -53.9806 93.3429
43.8431 -54.2478 91.7083
32.3165 -41.4397 98.1803
32.9133 -49.6614 75.7673
38.8595 -52.3329 84.2621
40.4759 -54.5978 81.9849
28.3834 -40.6265 89.5118
43.3945 -52.9038 93.9708
43.1111 -52.5016 95.1223
43.0805 -56.2544 84.1074
37.9704 -53.6672 77.5876
43.2482 -54.7868 88.7227
41.8881 -56.1901 80.7971
32.8799 -50.622 72.2071
37.3572 -50.7284 84.1094
27.4817 -40.8709 85.5306
25.4038 -40.3787 81.1161
39.2005 -54.2301 78.4707
42.2936 -55.7537 82.4476
34.8904 -50.593 77.0989
30.9215 -47.5163 75.1394
41.6398 -55.7457 80.1737
42.7991 -52.7225 91.7952
40.3595 -54.1158 81.2935
37.336 -50.3712 83.8064
37.3988 -44.9085 99.7766
41.2965 -55.4436 79.5802
27.7515 -44.866 73.2032
40.7317 -48.279 98.8747
33.9243 -41.7085 99.3211
35.9386 -51.2122 77.0607
42.7746 -55.7069 82.6834
40.5345 -54.8364 78.8384
26.3942 -42.8822 74.9029
43.7985 -54.903 87.4741
43.0988 -55.71 83.1462
42.5959 -50.725 96.2557
29.6386 -46.9666 71.49
34.8437 -50.5342 75.3597
32.8279 -49.0496 74.1572
40.3097 -52.6646 84.0044
41.616 -48.3144 98.6254
25.0779 -40.6063 77.2874
40.805 -54.0295 81.0439
44.2379 -53.7459 91.5479
25.5429 -38.3991 84.5621
42.2084 -49.6549 97.2794
38.6485 -50.7104 83.9494
28.1346 -39.2444 88.8402
30.0789 -39.3618 93.7517
36.9353 -51.4611 77.097
35.3221 -51.6323 71.9404
35.2009 -50.4902 73.7622
38.4796 -50.496 83.6649
32.6915 -40.0064 98.4158
43.1449 -54.805 83.8091
44.6453 -53.8867 90.334
44.0025 -54.7084 86.1594
24.2857 -38.2691 80.0174
44.1417 -53.9204 88.7934
42.4871 -49.071 97.7235
31.9249 -48.6251 70.0952
41.9585 -48.2235 98.79
25.962 -41.8547 73.3437
36.4773 -52.176 71.7917
27.4125 -43.6782 71.628
41.3014 -52.6593 82.2444
42.2422 -54.2712 81.1253
42.6451 -54.428 81.7429
24.5149 -39.4247 75.7395
35.1848 -41.3019 99.5508
39.1573 -52.2538 78.4699
44.5418 -52.4793 92.5388
36.7486 -51.0097 75.4316
39.1909 -44.8288 99.844
29.0419 -45.4624 69.9545
40.2136 -51.2228 83.6722
44.0615 -54.4326 84.6925
26.6366 -36.7957 88.2976
44.1074 -51.4386 93.2882
42.4359 -47.7086 99.5722
40.1394 -51.1107 83.2957
41.2393 -52.5748 81.9581
43.2022 -54.3101 81.7341
36.5634 -51.0272 73.5597
37.8782 -51.0168 77.094
43.8287 -50.4852 94.6984
24.1215 -35.84 83.3304
42.6091 -47.7336 99.3084
40.579 -52.8124 78.6657
42.1396 -53.1638 81.7257
29.8527 -37.9396 92.2602
23.4624 -36.6213 78.4911
42.8323 -54.1161 80.6268
43.3165 -47.6883 100.624
42.6843 -47.3044 99.0659
44.6737 -53.3374 87.6904
42.4379 -53.8185 80.0732
41.566 -53.1707 79.3786
44.9955 -52.501 90.7263
44.4299 -47.9848 102.35
25.5376 -40.8101 71.3
43.3093 -49.0218 96.1018
45.2424 -53.1059 89.3602
37.6669 -50.7658 75.3579
24.0704 -38.4436 73.9371
44.6166 -48.0621 102.165
43.6249 -47.6582 100.468
26.9211 -42.6283 69.2374
44.74 -50.6811 91.7056
43.2655 -48.0655 96.8769
37.4465 -51.4707 71.8096
31.7758 -37.7095 96.3632
31.2672 -46.77 68.499
40.5772 -44.8442 99.6337
45.7462 -48.1056 104.319
34.256 -49.2811 69.1147
43.8027 -47.2927 100.46
43.4942 -53.3067 82.5848
44.791 -47.7025 101.955
29.2376 -36.8488 91.4125
43.1695 -53.4827 80.8337
18.8173 -34.6032 68.9727
28.5003 -44.1017 67.7576
20.4925 -37.0845 66.2485
18.153 -34.3349 67.8157
45.892 -47.7912 104.069
21.2596 -37.2489 67.6925
22.9148 -35.6601 76.8121
19.9653 -34.8678 70.8855
44.4745 -50.1636 92.6829
23.4938 -37.8175 72.0505
45.4481 -47.1786 104.421
41.2913 -45.0203 99.5207
19.6713 -36.6605 64.5496
22.0448 -37.3638 68.9035
38.8411 -50.3687 77.0002
24.5919 -33.6178 86.7904
24.9228 -39.9248 69.1885
44.2141 -49.4872 94.2426
34.9217 -39.2343 98.6126
37.2283 -41.0795 99.5437
17.2538 -33.834 65.7488
37.6828 -50.3514 73.5702
22.8441 -37.4923 70.35
20.9758 -34.9807 72.4608
22.2359 -35.2345 74.9931
42.0075 -44.9341 99.9185
35.415 -49.7516 68.5968
21.6264 -35.0605 73.5738
38.551 -50.3952 75.2242
45.5853 -51.8604 90.2082
26.1791 -41.624 66.7934
46.855 -47.6824 105.197
46.2931 -47.6736 103.787
22.2803 -38.8451 64.0188
23.0835 -39.1909 65.1984
45.461 -47.4636 101.64
24.1033 -39.422 67.1287
44.1249 -48.0739 95.2549
23.052 -33.3973 81.6774
19.064 -31.8385 75.0944
21.5712 -38.4176 62.7996
17.8997 -31.4785 72.9613
43.6345 -46.9781 97.7185
44.3698 -46.1655 102.521
17.1 -31.1398 71.4597
43.2523 -45.5796 101.083
46.6716 -47.5376 104.662
46.5085 -47.226 105.07
27.8659 -34.4702 91.0156
43.7951 -47.4636 96.749
19.7475 -31.9111 76.0982
21.1755 -38.1794 61.7143
27.6693 -42.9917 65.1488
30.5396 -45.2099 66.4441
44.4243 -46.6283 99.5167
25.3882 -41.0226 64.3233
18.8894 -35.8415 61.6019
20.379 -31.9056 77.0481
16.0021 -30.3719 69.1327
44.5719 -52.5319 82.8064
22.0344 -32.3168 79.9378
24.3271 -40.5178 62.2507
43.5052 -52.0311 81.2848
46.9026 -47.4872 103.533
47.1162 -47.3403 104.086
40.4827 -50.4368 77.5341
45.5464 -51.566 88.1169
21.1042 -31.9574 78.2498
47.4094 -47.6369 104.617
33.5192 -47.2978 67.2922
45.9203 -46.1601 104.402
46.3757 -47.144 102.779
44.2205 -47.2555 96.4109
46.9458 -46.7772 105.017
47.5991 -47.3457 104.893
23.5162 -39.7673 61.086
31.7328 -35.9657 94.6371
16.4093 -32.3338 62.926
43.7397 -46.1849 97.3364
26.8241 -42.2183 62.4146
45.7155 -51.8472 85.8943
39.2822 -41.1239 99.4742
44.4662 -44.877 102.633
36.4253 -48.8613 68.7401
41.9186 -50.6802 78.1995
29.4164 -43.743 64.1145
37.2935 -39.2073 98.8423
22.6621 -38.6577 60.0182
14.9388 -27.956 69.9854
15.0755 -29.7723 65.0517
42.7665 -43.481 101.033
44.8787 -47.8766 93.9706
15.5184 -27.8052 71.9046
16.2983 -27.6718 74.131
44.6402 -45.7727 99.2025
34.6521 -47.4806 66.7216
46.7134 -45.846 104.262
42.1574 -42.93 100.203
48.0277 -47.2937 103.464
25.9141 -41.2773 60.2981
18.1137 -27.8751 77.7723
34.8314 -36.9442 97.3322
45.4203 -48.502 92.6466
43.2162 -50.8439 79.6853
41.4427 -42.2554 99.4959
31.0152 -34.6025 93.552
44.6762 -51.5073 81.5551
39.7205 -50.2409 71.6051
47.0147 -46.9113 101.159
20.6226 -36.5052 59.0518
40.4037 -49.5134 75.3447
41.0889 -41.919 99.3482
46.5284 -46.3655 101.173
18.8512 -27.8819 79.1519
40.5636 -41.42 99.1969
18.2328 -34.0701 59.2381
26.5732 -31.3504 90.0763
19.4166 -28.0049 80.1609
46.1512 -49.99 89.3576
47.4858 -47.1212 101.18
32.6432 -45.4001 65.3967
20.1504 -28.1855 81.2882
45.7981 -49.0954 91.3924
28.3703 -42.5952 61.5873
21.2126 -28.5463 82.8405
22.9332 -29.3105 85.1934
13.9816 -27.4545 66.0058
47.7227 -46.2374 103.732
45.4602 -46.1953 96.7214
48.0777 -46.9847 100.862
15.7296 -30.5522 60.5344
45.0706 -45.7603 96.6586
45.0869 -43.812 102.32
14.1273 -25.5987 70.3567
46.3942 -51.1227 84.3807
25.2898 -39.8818 59.0908
39.8331 -48.5835 73.4525
45.8706 -46.2849 96.6212
14.7641 -24.8858 73.5128
35.7606 -46.864 66.905
42.5945 -49.5125 77.8987
48.6941 -47.2031 100.987
45.7142 -46.2208 95.1123
46.7096 -45.9903 98.7811
31.582 -43.8484 63.4847
14.39 -28.3821 61.384
27.4724 -41.3236 59.4933
46.1498 -45.4485 98.6145
29.9718 -32.3209 92.4028
44.5857 -50.3737 79.795
33.9266 -45.393 64.8586
43.2475 -41.9349 100.45
47.0857 -46.1387 98.6466
15.7359 -24.076 76.1739
45.9812 -46.2292 94.263
13.1612 -25.1519 66.4541
39.6657 -39.06 98.5313
46.5357 -49.5949 86.4232
48.9909 -46.9072 100.971
42.5965 -41.4031 99.342
20.0812 -34.4638 57.4501
22.1815 -36.268 57.8604
13.2123 -26.3413 62.1962
37.3714 -36.927 97.5288
24.6464 -38.411 58.0426
42.1295 -41.0219 97.9938
42.4081 -41.2382 98.0312
41.8818 -48.3425 75.5544
43.7022 -49.204 77.9653
30.5426 -42.5238 61.2429
19.302 -24.3403 83.4652
15.1367 -28.9358 58.5569
38.6955 -47.4495 68.9898
34.9797 -34.5984 96.2956
48.0608 -45.9454 98.4166
47.131 -45.7322 96.0406
16.694 -23.3347 78.6748
17.1845 -31.2669 56.7795
46.4992 -43.3782 101.729
47.1053 -50.3967 82.8665
17.9293 -23.3026 81.1306
24.9221 -27.4765 88.8234
26.8842 -39.7382 58.2482
17.2775 -23.2355 79.979
20.3403 -24.4611 84.7997
46.9468 -46.0253 94.8449
13.162 -21.1808 70.2228
14.2257 -22.3533 73.5517
13.872 -26.8245 59.2655
33.3059 -43.7998 63.0487
35.2252 -44.9004 64.9508
48.7083 -46.1626 98.1739
41.8444 -39.6629 98.2268
12.4276 -22.7581 66.4668
12.1443 -23.7675 62.6525
47.6672 -45.8501 95.6153
47.9943 -44.3092 100.982
47.2126 -45.6537 93.7959
47.3104 -46.7594 91.8398
29.6401 -41.2242 59.1935
25.9957 -38.4599 57.1369
21.3305 -34.1159 56.6281
29.0037 -29.3633 91.4579
48.968 -45.8679 98.0001
13.1641 -25.3785 59.4834
21.746 -24.0926 86.5048
47.6347 -47.2447 89.9344
47.3295 -49.8158 81.562
33.9431 -32.6875 94.8196
47.6203 -47.9207 87.878
41.558 -46.819 73.9482
14.8754 -20.4267 76.4281
37.9284 -45.4807 67.3485
48.2126 -49.0918 84.9938
24.0078 -35.8994 56.8825
43.4269 -47.6382 75.9145
39.9107 -36.787 97.2491
41.8842 -47.3932 71.6525
37.331 -34.5818 96.5421
5.51511 -31.7053 17.5463
19.2237 -31.5378 55.5674
48.5538 -45.4993 95.2978
6.27474 -32.4003 17.4549
32.6628 -42.2826 61.0236
28.8492 -39.7489 57.8634
22.0724 -33.6733 56.1926
45.8305 -41.3236 98.8615
11.6853 -22.5243 59.9605
5.87943 -31.2011 18.6529
18.7408 -20.6065 84.838
44.0947 -40.9827 94.7166
5.23244 -31.4179 16.0815
6.71683 -31.8391 18.737
3.45823 -29.04 18.0925
5.92283 -32.1272 15.8213
3.86059 -28.9957 19.2805
47.6892 -44.7303 93.4491
25.2691 -36.4432 56.0237
34.9715 -43.1924 62.8992
4.14375 -29.5524 17.7262
11.4615 -20.9253 63.0031
7.19421 -32.5792 17.2212
4.49788 -29.4837 18.8309
13.517 -19.5446 72.5894
47.8418 -44.698 92.9337
45.063 -40.8703 96.7444
28.021 -38.596 56.5048
11.8917 -19.9327 66.7158
3.44163 -28.146 19.4808
19.6148 -20.6091 85.8834
3.09679 -28.1845 18.4006
47.1682 -48.6857 79.4744
7.54417 -32.074 18.4506
6.83572 -32.3515 15.6857
14.0159 -25.3816 55.7227
37.3338 -43.8949 65.2706
15.6253 -27.3345 53.9776
49.0607 -47.7069 86.2859
3.32406 -28.4883 16.8003
33.1147 -30.3929 92.8764
43.3226 -46.1366 74.7236
48.964 -45.847 91.0394
17.8544 -19.1043 83.7035
32.0625 -40.8799 59.1183
48.0631 -42.6623 97.8433
12.7165 -23.5034 56.6669
44.4039 -40.3604 94.4273
49.6269 -48.958 83.6498
3.97468 -28.9598 16.5456
23.6528 -22.8777 88.3296
46.2226 -42.2971 93.5678
5.14179 -29.7701 17.2119
3.01216 -27.7545 17.1665
10.83 -20.6808 55.7718
5.3855 -29.5206 18.1963
12.6641 -18.7049 69.9908
5.23516 -30.464 15.2225
5.16926 -29.3302 18.2344
40.7481 -45.1487 69.7288
5.86629 -31.1389 14.8656
4.89201 -29.3982 17.251
46.1542 -42.2034 93.1258
27.9208 -25.9089 90.6104
4.6008 -28.0134 20.3743
14.2255 -16.9809 76.0521
47.4254 -42.4607 95.3738
6.75033 -28.0165 20.5618
16.1143 -17.8693 81.0144
4.11835 -27.3031 20.5216
5.14889 -28.4295 19.8763
20.6235 -30.9643 54.7548
4.85963 -29.0281 16.2801
15.6787 -17.8356 79.4095
49.6543 -46.659 88.5029
6.71461 -31.4843 14.823
46.3737 -42.1772 92.4106
27.2512 -36.8331 55.322
7.97098 -31.6089 16.6144
36.4214 -32.0511 94.2232
46.5073 -47.2089 77.6286
3.06427 -26.7104 18.6777
3.30705 -27.6458 16.0629
23.3259 -32.9743 55.4991
8.03443 -31.4699 17.7456
42.9157 -37.4101 96.0719
3.95518 -28.1711 15.8973
34.6741 -41.7241 60.5294
16.7283 -17.3239 82.3525
8.21216 -31.4425 17.6922
12.2281 -22.3809 55.0541
8.95226 -31.9527 18.0935
8.86723 -32.2905 16.7409
39.677 -34.1082 95.9667
2.89787 -26.4426 17.3385
7.74924 -31.3499 15.5412
31.5606 -39.5308 57.723
11.0701 -18.3435 63.3142
11.1376 -19.6328 59.681
4.86507 -28.5102 15.8312
21.2313 -19.6005 87.1445
11.775 -17.5499 67.0257
3.82429 -25.989 20.3179
17.5004 -27.5484 53.2267
44.9174 -45.2792 76.6787
50.2443 -48.4244 82.0385
39.8709 -43.3664 68.084
24.6726 -33.6382 54.6392
13.1831 -22.9844 54.1152
44.5091 -38.9799 93.3446
3.04767 -26.3172 16.333
21.5113 -30.7112 54.2924
46.3972 -41.5949 90.6751
10.6036 -20.5128 53.9148
37.0299 -42.2695 62.7995
7.70772 -30.7571 15.0263
8.73932 -31.9541 15.1359
11.7713 -21.7325 53.2977
5.3984 -28.9676 14.6473
13.4968 -15.7583 73.8505
19.2018 -17.3984 86.0414
3.4844 -26.7228 15.5928
5.98799 -29.5211 14.2362
9.80447 -31.7265 18.2714
50.0918 -44.9573 90.2486
10.5844 -19.0176 57.4479
32.2098 -27.5813 91.5612
5.29858 -26.2742 21.4585
9.03774 -30.5902 19.0909
9.79395 -32.0427 16.8046
51.0033 -47.5501 84.6364
4.05228 -27.0501 15.4587
6.29111 -27.4095 20.5279
5.73683 -26.6593 21.0268
7.40203 -28.3153 20.7305
4.91468 -25.6772 21.5946
31.0856 -38.4218 56.2146
6.74675 -29.9061 14.2347
49.3248 -47.482 79.6604
44.5786 -44.2138 76.0914
4.95485 -27.2736 15.5008
43.8632 -44.6625 72.614
46.2266 -41.0269 89.663
10.3262 -20.2462 51.7293
14.6699 -24.1118 52.1256
12.5159 -15.8824 69.9589
34.3287 -40.3167 58.3837
10.1284 -18.5412 55.5205
8.61068 -31.1971 14.3035
35.6899 -29.8323 92.4717
4.51663 -24.736 21.5834
51.1689 -46.2517 86.8162
9.74974 -30.4205 19.3107
8.22076 -28.5622 20.521
3.24561 -24.7006 18.4853
22.4256 -30.4576 53.9024
9.65757 -31.7368 15.0789
39.1401 -42.0423 65.9197
26.4252 -34.1246 54.0423
9.8839 -18.5094 54.0288
7.51449 -29.419 14.5675
3.10019 -24.6457 17.3277
4.37549 -23.6089 21.2829
10.4754 -31.118 18.212
9.65281 -18.6792 52.185
49.6108 -43.8869 88.2762
43.0405 -35.6435 94.2175
7.76242 -29.6018 14.5428
45.6958 -43.7113 77.8308
11.002 -15.8583 63.8678
8.55383 -28.4799 20.2576
48.1221 -45.8742 78.0351
14.7166 -14.405 78.1962
46.1268 -40.2863 88.8492
3.30921 -24.7737 16.103
10.4935 -31.3572 16.8524
5.8676 -24.9952 22.6942
16.0839 -14.5564 80.9962
22.9502 -18.6064 87.9607
39.0069 -31.6264 94.011
6.98695 -25.9948 22.3482
36.7102 -40.981 60.1469
47.6587 -42.5888 85.501
48.7642 -43.1606 86.7126
42.2578 -42.4388 70.8782
11.8228 -15.0522 67.2291
44.8199 -37.6637 91.7395
13.332 -14.4383 73.0691
13.9845 -14.0407 75.7114
9.47813 -30.9762 14.1589
30.5511 -36.7864 54.9506
12.5597 -21.7933 49.3101
3.83523 -25.2123 15.3047
10.3543 -29.9809 19.17
5.19632 -23.7389 23.2084
51.6392 -47.0173 82.6465
18.1732 -14.7138 85.0707
8.47724 -29.9511 13.8887
9.17881 -28.3717 20.4145
10.281 -20.304 46.9844
10.5512 -16.2408 59.5459
7.32067 -24.3025 27.0438
6.45192 -22.984 28.5737
4.39109 -25.5783 15.1731
14.1477 -22.3875 51.1514
5.72041 -27.0468 14.3961
6.96939 -24.5984 24.9527
10.3749 -31.1158 15.2337
26.8119 -21.3374 88.8187
7.55564 -23.7658 28.8515
5.58859 -25.1539 14.9817
45.3072 -42.6095 77.2364
46.2865 -41.1684 84.101
6.26477 -27.5446 13.9942
9.29174 -18.8828 47.5492
46.094 -42.8187 78.673
5.95814 -23.3449 25.2982
24.3193 -31.1204 52.9735
31.3535 -24.8353 90.6309
10.5717 -30.2579 17.599
6.92069 -28.0229 14.0066
34.0547 -38.7413 56.9642
38.6195 -40.8723 63.2574
11.7613 -21.4491 46.1889
9.16379 -20.4797 41.8442
10.3824 -21.8048 41.2227
50.5511 -46.1643 80.2726
7.2683 -22.0212 31.9187
9.76829 -28.2331 20.602
48.8032 -44.8808 79.1455
8.47457 -26.4009 22.3032
20.2887 -15.3227 87.0703
48.7035 -43.9098 81.438
41.1904 -41.0115 69.2482
8.38703 -22.9873 31.7645
19.7979 -26.552 52.6321
10.6978 -29.9258 17.8921
51.8687 -45.6993 84.7043
8.35607 -19.163 42.47
10.4933 -29.2825 18.727
10.2089 -30.4843 14.4023
8.26101 -20.6899 37.5891
9.25364 -29.7665 13.7077
13.0257 -13.8786 70.3842
25.351 -31.4913 52.7083
5.0322 -22.4231 23.3443
10.7247 -30.0027 16.8105
45.7369 -41.8679 78.2334
-41.78 26.801 38.3134
20.7694 -27.1059 52.6031
-42.1621 26.8425 37.285
50.7891 -44.7948 83.2751
10.0406 -15.47 57.0105
9.77864 -21.8793 37.5264
46.5006 -41.7903 80.1722
11.3739 -29.9769 18.1985
10.4763 -29.8396 15.268
13.8779 -13.1904 73.9938
-42.8511 27.8506 37.4591
-42.3251 27.614 38.5394
8.4056 -28.4835 13.9595
16.2856 -23.3272 50.6359
44.8633 -42.2075 73.8761
34.8985 -26.9206 91.1493
4.23717 -22.9045 18.6758
6.01601 -21.036 28.9484
36.3562 -39.6042 57.9588
11.3886 -30.1569 16.9891
9.06366 -15.9213 52.1412
8.81863 -25.0236 24.8047
5.7434 -21.3522 27.0492
11.5165 -14.068 64.1527
9.09204 -24.4964 26.9935
15.5026 -12.4353 79.7676
4.7941 -22.3208 20.6884
10.3427 -27.8366 20.5262
10.6745 -29.6553 15.3825
5.562 -21.6907 25.2955
-42.5734 27.7027 36.4447
4.1036 -23.0365 16.6344
9.36222 -26.163 22.4268
-42.8298 27.8982 36.8233
6.67771 -20.2678 32.1608
21.9453 -27.7625 52.1915
-41.4349 27.8234 40.2347
7.28042 -18.817 37.9742
-42.1494 28.8085 40.4822
9.69021 -15.2939 54.8246
9.35344 -15.4258 53.4307
-41.6822 26.8401 36.6916
9.9661 -29.4932 13.9924
11.269 -28.8995 19.2515
38.2704 -29.35 92.0109
40.4656 -40.0067 66.898
9.27358 -23.6949 28.8011
38.1927 -40.018 60.4509
-41.1529 26.8832 37.7655
46.2094 -40.8342 79.8507
12.164 -22.1123 40.975
7.71568 -27.0192 14.3786
11.9804 -29.6761 18.2743
6.37872 -25.5727 14.4199
8.90226 -16.5718 48.006
5.09632 -24.3673 15.1434
9.05292 -28.3901 13.8098
-43.0709 29.188 38.8103
46.0778 -38.0654 87.2073
11.3374 -29.9079 15.6388
7.29905 -25.3693 14.2645
33.921 -37.4541 55.4857
12.0061 -29.9414 17.1212
8.02505 -17.4503 42.6584
29.821 -34.163 53.6599
11.2202 -22.2473 37.3617
46.1227 -39.324 83.2888
9.93176 -22.9607 31.6954
42.3201 -32.7709 91.93
10.3428 -28.6822 14.8472
10.6894 -27.4884 20.358
-42.3338 27.9783 35.7472
13.7835 -21.8749 45.223
17.6883 -12.3995 83.4899
12.9109 -13.3349 67.472
4.61048 -23.1775 15.6743
-40.7677 27.8125 39.7497
15.8693 -22.0624 49.5015
15.026 -21.8413 47.7351
9.70393 -28.3333 14.0719
43.2003 -39.9322 72.1438
11.2324 -29.4815 14.8729
14.3323 -11.7852 74.9891
13.7298 -12.3045 70.6827
-41.1901 27.1532 36.2253
44.7756 -35.3185 89.7628
11.8412 -28.4427 19.2867
-42.1109 29.872 41.4171
8.50152 -26.9974 14.2528
-42.978 28.9404 36.1146
11.9289 -29.6415 15.6903
11.0841 -27.1482 20.6456
12.3201 -29.0448 18.1517
-42.6283 30.5766 41.5746
-40.665 27.2735 37.1848
-40.7204 28.4478 40.4539
12.3928 -29.3117 17.3897
35.8928 -37.9945 56.6921
-10.8493 13.8145 79.5469
-9.25029 12.0093 78.5621
10.3553 -25.5344 22.6913
-41.9899 28.5016 35.3295
-9.33767 13.1544 81.5461
10.8472 -13.4751 59.0479
5.52548 -20.6684 23.3945
39.9589 -38.9569 64.4133
19.2763 -11.9698 86.3811
-7.60469 11.3293 80.603
15.1918 -10.8536 78.3571
10.9816 -28.4037 14.2839
-8.05131 12.6358 83.0673
-41.3075 29.6065 41.3115
-10.7506 12.8563 76.2908
-12.1934 14.6254 77.3554
21.9387 -13.9529 87.6054
-41.7896 30.6731 42.8112
24.6741 -28.8676 51.4053
-6.18493 10.6674 82.0439
-43.5195 30.9306 38.9019
37.9619 -38.9454 58.2171
5.79286 -23.1599 14.9214
-40.2618 28.1289 39.2607
6.5353 -24.213 14.5568
11.7598 -29.1433 14.8235
9.2212 -26.935 14.2693
-41.0186 28.0308 36.0368
-42.6846 29.214 35.5847
-9.21075 11.1302 74.6749
-43.6811 30.9723 37.9718
-11.1072 15.6792 82.641
-12.6162 16.4295 80.6886
-6.28474 11.899 84.8376
-40.4318 28.6823 40.0522
12.1107 -28.8002 15.211
13.3618 -12.3311 67.8853
-40.5833 28.0166 36.9357
42.3531 -38.6822 70.5125
-14.9283 16.0949 73.1227
45.5992 -39.9456 75.5872
-43.0497 31.8107 41.206
16.508 -10.5798 81.4137
-40.9279 29.6645 41.2093
6.78303 -18.2541 32.221
7.91553 -25.4305 14.2907
10.7999 -25.2796 22.6922
-16.5063 17.063 70.7668
-35.7679 29.3385 54.1625
14.0973 -11.1533 72.8077
-7.07881 10.1632 76.8606
10.4335 -24.1005 24.8727
-10.1205 15.6086 84.3565
-39.4133 26.6123 36.0515
34.1786 -24.0031 90.2465
26.1099 -17.1182 88.187
-40.4476 28.4595 38.4797
7.40294 -16.8154 37.6646
-11.7405 12.765 71.4627
-39.8618 26.6874 34.8925
5.90342 -19.6815 25.1224
5.59176 -21.678 18.4546
-41.3376 28.6676 35.5793
17.447 -10.927 82.3274
-43.589 31.0069 37.181
10.5426 -23.342 27.0537
-41.2046 31.3322 44.6023
-5.35481 9.42948 79.0377
-41.7071 31.9651 44.9596
5.33761 -22.0295 16.3034
5.80921 -21.2521 19.9708
9.96915 -27.0665 14.393
33.5723 -35.6097 54.2302
6.28692 -18.6084 28.9569
-34.0696 28.3196 55.1314
-41.1751 30.6654 42.438
11.3485 -28.3368 14.3122
-40.3002 28.4015 38.1831
6.07396 -19.0154 26.9893
-15.8632 16.0511 69.1323
-4.24658 10.1497 83.755
-14.5284 18.0041 78.4037
11.6127 -26.3449 20.6571
-4.2776 9.23258 80.8988
8.12537 -15.5054 42.6208
-17.3133 21.0615 79.528
-40.349 27.363 34.6519
-42.0092 32.7127 44.7436
-11.948 17.4538 83.5944
10.7778 -22.605 28.9917
14.6579 -9.8595 76.8037
-16.6388 21.3533 81.9842
-9.12341 15.8702 86.4939
-15.6898 19.4602 78.903
-13.2312 17.9416 81.2146
-14.7405 19.5263 81.6266
-4.57521 11.5726 86.2204
-16.7692 19.0009 74.427
-32.3963 27.3807 55.9913
-38.9598 27.6416 38.6545
12.2606 -27.5292 16.4708
-19.6217 18.9076 66.2096
29.8872 -19.9803 88.5361
45.7882 -39.1045 76.3427
6.10973 -20.5771 21.4805
10.2719 -12.6476 56.0633
37.6196 -26.522 90.6316
39.6326 -38.2656 61.8628
8.93237 -25.627 14.2058
13.6662 -10.9327 70.3524
-42.1633 29.5745 35.2919
-13.1614 19.0842 84.2103
-40.2631 29.1817 39.3369
5.6997 -22.1338 15.5836
-40.6642 31.214 44.0632
12.0884 -26.1893 18.1953
8.92159 -13.9789 48.0765
29.0703 -31.4285 52.3748
-39.8091 31.7184 47.6291
-29.9538 25.7504 57.2447
-3.13713 9.30646 82.8486
-14.6774 21.2486 85.6144
11.3422 -21.6897 31.9266
41.6839 -37.685 68.5112
-40.8464 28.2649 34.4593
13.2354 -12.2252 64.6815
41.563 -30.0423 90.4195
-38.5095 31.9129 51.4823
-2.59947 9.6601 85.0713
-18.9678 23.3293 80.0271
8.91127 -12.7607 51.146
-23.0574 20.9727 61.8121
11.5797 -27.793 14.5577
-40.3879 29.9035 40.0379
-10.6292 17.9603 87.0735
-38.9076 28.2312 39.4138
-40.3657 32.5891 48.1304
-18.5598 23.7735 82.2533
35.8464 -36.5532 55.4354
15.8429 -9.27835 80.1288
-36.3386 31.1288 54.8432
-18.312 17.8339 65.4932
-26.7753 23.5591 58.9719
13.688 -8.99561 74.9187
-18.0217 19.3739 70.6192
-8.58407 16.6068 88.4248
-34.4176 29.951 56.2494
12.0629 -27.1002 15.7662
-41.8036 29.8918 35.4575
-40.5991 30.8315 41.9363
-37.6536 30.9687 50.3684
-18.7281 21.7108 75.2059
-43.0434 31.2655 36.3394
37.6111 -37.4969 56.9625
6.56879 -22.419 14.9402
-38.4303 26.7813 35.8301
11.8158 -12.3419 59.4356
13.386 -10.7029 68.5067
12.6865 -20.6889 37.3321
17.295 -9.54345 82.5316
9.48616 -3.87723 77.6233
10.6145 -26.4688 14.4059
-10.1488 12.1096 70.3298
-38.9365 26.903 34.4857
-39.2646 31.5989 47.1906
-2.52095 10.8196 87.3812
-20.5601 20.5868 66.2895
-38.6252 32.6406 51.8605
-16.8265 23.6385 85.3731
-12.7992 20.8646 88.2461
9.24097 -12.1328 52.3899
9.72396 -12.1746 53.5701
13.5645 -19.9646 41.3098
-7.19705 10.4798 73.1806
14.839 -8.35933 78.6423
10.4993 -5.16845 75.9819
11.7987 -25.4168 20.413
-40.3157 30.7728 41.3115
6.72692 -18.5423 24.8251
-34.3213 29.0971 52.7957
11.3268 -4.53491 79.8734
-0.346481 7.87478 84.0586
13.5189 -11.6445 65.1158
-5.03789 9.25739 75.1074
-39.4288 27.5445 34.0841
7.6906 -3.17662 73.7431
-37.1852 30.8338 49.8208
-24.0538 22.7791 62.343
-40.5096 33.4873 48.3897
-3.07669 8.29177 77.5535
-32.6334 28.0229 54.0084
-31.0584 27.9551 58.1279
12.6966 -8.36167 72.1885
13.6062 -7.54565 77.0613
-2.11811 8.12541 79.591
-39.3748 29.7008 40.1796
45.9186 -37.5085 78.0949
12.9997 -7.17819 76.2684
-40.0502 31.3977 43.2551
-31.1205 27.0228 54.9914
11.3602 -23.9493 22.7487
12.188 -5.79059 78.03
-28.1072 25.8605 59.7892
-38.0637 27.91 38.428
-6.35108 15.7553 89.9398
-18.6019 20.7175 70.745
-28.6581 25.2365 56.3093
-36.4477 32.159 55.1246
9.13047 -4.71732 72.5582
11.7561 -6.65639 74.0429
12.0407 -8.21555 70.2605
-42.1416 31.0692 35.8357
0.599963 8.09607 86.4284
44.2534 -37.1531 74.0978
-43.7404 33.2886 38.1973
6.78965 -21.8899 15.7483
-38.6037 33.2175 52.0604
-43.0422 33.7325 41.3045
-13.7066 22.3507 88.6524
-35.2574 31.471 56.0684
-21.6431 20.3812 61.0352
7.54662 -16.8804 32.3614
-25.3574 22.8855 58.117
-11.1293 20.3717 89.8288
-41.3244 29.9806 34.8121
-1.05985 8.09678 81.4484
11.0823 -22.5949 25.1147
19.5827 -10.1207 84.8704
13.309 -6.18823 79.0577
41.2168 -36.7711 66.3741
-40.1037 28.574 33.8942
10.6142 -6.25447 71.395
-13.1641 14.5939 66.9402
11.4257 -21.3445 29.1465
12.7825 -4.99624 80.9193
-38.055 28.5594 39.2378
-43.7546 33.177 37.0196
-38.7259 31.7787 46.718
7.27874 -21.3267 17.8613
8.29905 -15.4641 37.8662
3.9459 5.02676 84.4225
15.0449 -19.0461 45.9016
39.7059 -37.5413 59.5943
-41.8599 34.1572 44.9533
-33.8134 30.764 57.0855
19.152 -21.1683 50.8462
10.6979 -25.0767 14.6706
10.6094 -2.70363 81.2648
-40.4669 34.095 48.482
11.502 -25.7103 15.2716
16.5438 -8.10118 81.6713
6.9826 -17.0913 29.1406
7.45785 -20.7545 19.7187
8.16675 -1.37462 78.1608
43.9876 -31.5373 88.3562
6.78134 -17.5165 27.1096
12.3596 -3.74184 82.6107
15.1022 -7.08515 80.3677
13.1447 -10.2829 65.598
6.32545 -0.662808 74.8903
-38.9421 30.9882 41.3592
2.62153 6.68469 86.167
9.47917 -23.9466 14.399
11.7796 -20.3946 32.2042
17.5393 -19.6422 50.1177
45.5719 -33.8806 85.3828
7.63731 -20.1362 21.2499
-37.6255 27.3351 35.5881
-38.6708 29.8977 40.1543
21.2787 -10.3453 87.2228
11.2166 -8.04832 65.1956
12.9406 -19.442 37.5228
16.6065 -19.2542 48.1249
8.51763 -22.9221 14.664
-31.5768 29.9194 58.4919
-39.0625 31.32 42.8564
-38.0659 27.4662 34.3169
11.932 -25.4379 16.7228
32.8987 -32.8716 52.9241
9.052 -13.8845 42.8045
37.3013 -35.9617 55.8568
-20.5093 25.1672 75.5999
8.44096 -4.43073 68.624
-28.7384 27.7215 59.9136
4.34404 5.45232 86.1415
-24.565 22.8633 57.5909
46.0854 -35.3781 81.467
-31.8654 28.3329 53.4883
-33.1714 29.1757 52.3599
-20.2256 26.4565 79.9526
-30.5531 27.4645 54.4922
2.18884 6.36718 82.7338
-19.5744 26.7253 82.3993
-27.8564 25.4746 55.9463
7.18112 -2.78988 69.5807
-38.432 27.9196 33.886
-20.6478 23.9763 71.1478
35.3905 -34.4842 54.2756
28.3745 -28.969 51.0993
-40.7228 30.2112 34.1934
-24.6447 24.8146 62.5629
9.9303 -5.94102 67.6654
15.2827 -6.04531 82.0276
-20.8814 25.9441 76.0194
-18.1179 26.6719 85.7068
-43.2499 33.3652 36.1872
-37.3943 28.4937 38.0298
-36.0028 30.9831 49.1005
11.4262 -23.2598 20.9203
-37.8496 31.7534 46.1802
43.5134 -35.7476 72.4579
7.86234 -19.0894 23.1779
20.1294 -21.2424 50.5703
18.7777 -8.69725 83.4847
37.0736 -23.7282 89.6429
11.4027 -1.47664 84.0231
13.3916 -11.2493 60.9413
8.72289 -22.2037 15.5009
-21.5804 23.5863 66.6048
-15.8078 17.1946 63.7544
9.72168 -0.409915 82.4402
41.084 -36.1354 64.1957
-8.93333 20.6971 92.7339
11.8109 -11.4262 55.8645
-39.2039 28.9599 33.7166
-12.6834 23.7018 91.1746
11.1808 -22.1073 22.9245
-36.8151 34.2988 55.6933
-20.2915 20.2743 60.0983
-37.4331 29.1003 38.7751
-15.2546 25.5791 89.3803
7.93719 -18.2552 25.0208
-35.3458 33.5973 57.5887
17.2796 -7.21406 82.899
-34.5776 33.1343 58.3136
13.9872 -18.1929 41.7597
-35.9742 33.9743 56.8677
-38.317 34.6489 52.3697
-37.9583 28.6595 35.728
11.5123 -23.5188 19.1779
-3.15079 8.88671 73.5378
-38.4261 28.7515 34.5309
-38.175 30.2916 39.8152
7.7259 1.13806 80.6501
-41.1105 31.9427 34.8664
-21.7325 25.6866 71.4305
-37.8514 29.5285 37.7932
4.09889 5.07365 82.1288
39.7657 -36.6222 58.2793
-42.3465 32.7188 35.3033
7.74291 2.23787 83.789
-5.59452 10.667 71.7631
8.91321 -16.3979 32.5482
25.0438 -12.6629 87.7158
5.68246 -0.186219 70.978
-25.1399 25.9813 62.7482
10.738 -20.7007 24.8212
-38.6209 31.2688 41.0376
9.19896 -21.0489 19.5319
6.41644 2.78262 81.4814
9.1225 -21.4365 18.0762
9.86192 -11.8994 48.0038
-29.0779 28.9545 60.3624
8.18943 -16.7142 29.3207
41.034 -27.0263 89.3831
9.29509 -20.5509 21.1175
8.00289 -17.2363 27.2323
13.718 -10.8269 61.6224
10.3488 -23.6457 14.848
-22.2356 24.795 66.7486
15.3789 -17.4776 46.5674
11.045 -19.4062 28.6894
-37.8086 28.8473 35.7118
-39.9852 35.2982 48.5599
15.5217 -4.72957 84.0623
-38.2703 31.6249 42.4988
9.65865 -5.76755 64.8784
-38.2335 28.9074 34.497
6.51538 2.11217 79.1387
9.39104 -19.0984 25.0354
28.7992 -15.8469 87.8089
11.4267 -23.5833 17.0983
-8.06184 12.3082 68.8029
-39.0866 29.9178 34.3625
-32.2385 31.9221 59.6054
-37.695 29.7822 37.9722
9.7054 -22.7591 15.0411
9.37157 -19.6934 23.0636
8.39653 -4.37677 65.0751
-39.9092 30.4071 33.9403
10.7147 -21.6003 21.0597
-23.107 25.9645 67.0361
11.5027 -18.398 32.485
10.9608 -23.6161 15.6519
21.3593 -21.6025 50.051
-25.8647 27.2516 63.0418
-37.1444 32.0181 45.8313
10.7462 -20.8624 22.9006
42.9628 -34.787 70.6739
9.63886 -17.818 28.4973
10.418 -17.1959 32.564
10.6698 -21.924 19.4004
8.93287 2.44092 85.699
-29.9119 30.5426 61.0822
-2.96394 15.9167 92.2592
44.8932 -34.4547 76.5406
-35.1456 31.2579 48.6723
10.4174 -13.59 42.7751
-38.1141 30.8164 39.0274
13.3688 -9.71473 62.1176
5.42789 3.74117 79.5633
13.0011 -1.28539 85.6663
5.17888 2.74988 75.968
-32.4415 29.8424 51.7899
-42.4886 33.6737 35.3832
-31.1233 29.0084 52.9525
9.89339 -14.7262 37.8389
-29.6301 28.002 54.0513
10.1877 -22.5002 15.8835
-36.593 28.1591 35.2849
-39.6549 30.8861 34.469
10.5662 -22.2337 17.3038
7.36075 -2.80683 65.4779
-36.6511 29.1572 37.9322
-36.9425 29.7055 38.705
2.26194 7.16934 80.4347
12.5031 -17.0288 37.8615
-36.9295 28.1267 33.9389
-26.9168 28.8583 63.5535
-41.1736 35.8603 44.8244
32.8067 -18.9059 88.0089
-0.179469 7.93099 75.7868
-41.3151 32.6573 34.8249
11.4048 -7.66093 62.042
-26.6687 25.9735 55.7188
-38.181 31.7273 40.4948
-37.962 32.0335 42.3223
3.9784 5.56056 80.1164
41.2666 -35.6716 62.0577
10.1431 -10.4442 50.2685
-24.1042 27.8052 67.6133
-37.3446 28.5313 33.3665
4.43388 2.59059 72.3095
-41.7432 35.8433 42.5843
11.4225 -15.7739 37.8237
17.1991 -17.2138 49.2366
-21.5788 28.4544 76.0069
-22.7848 23.0049 56.7801
-42.1179 35.7423 40.671
36.574 -33.4672 54.712
4.52186 4.16381 76.5946
-9.07861 23.0266 94.3347
-22.464 27.8078 71.5455
10.4699 -9.96266 51.6089
18.1784 -17.1735 51.6374
1.55531 7.52821 78.0437
-40.1349 31.9635 34.8763
-11.4334 15.2571 64.8552
-21.1116 29.337 79.37
10.7509 -9.72055 52.7528
5.98728 -0.480897 66.5838
-2.11823 9.17976 72.3897
-42.6723 35.4334 37.0981
-38.0636 29.5491 33.1735
-6.6209 21.0779 94.7644
-37.6153 31.3731 39.7037
0.356765 6.77427 72.1141
42.6292 -34.1139 68.7452
-34.7701 31.7645 48.6061
39.7645 -35.3476 57.0643
3.6135 4.10075 73.0019
34.4474 -31.7463 52.9509
-36.5331 32.4917 45.6473
3.78865 5.33694 77.0447
1.71627 11.9212 90.5657
13.6178 -15.6672 42.6795
2.99855 6.22422 77.4313
-35.832 35.288 55.6836
11.3919 -11.8222 47.7543
18.5227 -17.1381 51.7945
-20.0265 29.5983 82.4073
18.6569 -6.08234 84.4033
-42.7359 35.1303 36.1856
4.25476 2.19927 68.9614
12.5289 -14.5017 42.7228
-12.3662 26.0276 92.6823
-39.1361 31.0757 33.9103
2.89268 5.1558 73.5673
21.9104 -8.52306 85.8298
-18.5556 20.3992 59.0498
11.5642 -13.4707 42.7819
1.4434 6.91008 74.4693
32.4518 -30.1169 51.4818
-37.5834 32.6 42.2836
-14.3065 17.6063 62.3479
-34.9221 35.2188 57.0521
-17.9628 29.339 86.3225
43.4317 -28.0876 87.1644
3.40432 3.66368 69.9142
0.239727 7.02299 71.0309
2.29423 5.11006 71.0738
-2.11466 9.37581 71.4154
15.1156 -14.9781 47.6058
-41.8184 34.8875 35.2477
-36.2602 30.418 38.871
-15.4204 28.306 89.8987
2.06745 5.06905 70.0478
-33.0438 34.1541 58.5236
10.3002 -5.56438 61.5445
23.596 -22.2556 49.2938
41.4614 -35.1326 60.7057
-35.9547 29.9274 38.0538
4.09745 9.96347 89.68
-37.2655 36.0622 52.2987
9.03814 -4.30353 61.4074
4.31729 2.10241 67.1412
14.0025 -13.6361 47.7447
-37.08 31.6834 39.7907
13.8048 -10.1112 57.3776
3.38205 3.5051 68.4568
45.0747 -31.8298 79.7326
-35.7808 29.023 35.3457
12.825 -12.3966 47.7193
-31.388 33.1535 59.286
10.3639 3.49633 87.3166
42.5286 -33.6825 66.9499
-40.259 33.3241 34.5016
-39.2942 32.7292 34.4573
44.3086 -32.5865 74.8903
7.96024 -2.96339 61.54
24.283 -9.4191 87.483
-36.0891 29.0627 33.8164
-4.22406 11.7623 70.7692
14.0886 -9.68512 58.1299
-35.843 32.9545 45.4444
-38.8632 36.9142 48.6428
-34.2651 32.6231 48.667
-36.5577 29.4878 33.1973
7.01777 7.61171 88.9436
-29.1113 31.9764 60.8624
-31.4016 31.0396 51.7818
-30.159 30.2913 52.8445
-37.3054 32.882 40.7794
-37.3945 30.2942 32.9557
16.9314 -14.6383 50.8023
19.7405 -17.0873 51.3444
-37.1445 33.2323 42.0839
-38.429 31.589 33.6982
-28.6503 29.3588 53.9979
12.1392 -10.3204 50.0904
6.81316 -1.15711 62.2027
44.9207 -29.6833 83.279
21.3699 -7.00063 84.8301
14.172 -9.16889 58.6805
-36.6861 32.1447 39.6389
41.5316 -34.5543 59.352
16.0329 -13.0863 52.0193
40.4559 -23.4827 88.4452
12.9214 -9.63297 52.7788
-25.6871 27.4366 55.4441
33.305 -29.3813 51.4215
3.88159 3.72837 67.3034
-6.16216 13.6126 68.5462
0.850285 7.75912 70.6254
-35.7454 31.2737 38.8106
2.51374 5.67721 69.1062
38.6202 -33.0863 55.0209
42.7122 -33.3636 65.3337
-39.6459 34.3275 34.4158
-39.9322 37.3334 44.8187
-36.4356 31.8709 38.1818
-35.4941 30.8661 38.0494
-37.163 33.2436 40.3461
13.9551 -10.759 52.0219
-26.661 31.2855 63.4448
18.0285 -2.95031 86.1604
14.7666 -11.4673 52.1034
-33.8791 35.2759 55.1463
-21.93 24.5971 56.716
18.1255 -14.4117 52.6588
-36.8004 32.6287 39.0096
43.8954 -31.5993 73.1883
-17.6301 21.347 58.7923
-36.2628 31.4746 37.1302
27.8198 -11.551 87.4928
-36.7984 33.8056 42.475
35.6624 -30.5865 53.3684
-31.4096 33.9825 57.0752
20.4532 -5.33531 85.1795
5.11171 2.27308 65.266
41.4397 -34.2573 58.2141
-35.2246 30.0713 35.3952
-40.3622 37.3617 42.572
-40.6951 35.312 34.8754
-35.5814 36.0172 51.5133
-10.1031 16.4775 64.353
18.5288 -14.3953 52.7502
35.9182 -18.8131 87.4944
-13.0996 18.4373 61.6835
-21.5997 31.1932 75.501
-37.6319 31.9995 33.7712
-4.60683 22.1587 95.6944
31.6711 -27.5133 50.1967
-35.6486 34.3601 45.9719
-40.584 37.2698 40.76
-33.9733 33.9559 49.3696
0.0854216 17.3501 94.3224
-36.2217 31.4975 35.6563
-23.9123 30.7382 67.4018
-41.3715 36.3573 35.7665
31.8815 -14.9401 87.0906
-38.2666 33.0219 34.4217
-36.6855 31.0284 33.0512
-35.6591 31.9108 38.3918
15.2222 1.01838 87.9159
-35.4727 30.1661 33.8411
20.5526 -16.9366 50.0953
-36.8615 33.9514 40.9746
5.38254 2.41078 64.8515
-0.760326 10.3618 71.2027
-29.3065 33.0048 57.8369
4.46318 4.04338 66.892
13.3744 -7.17027 58.613
-22.238 30.6404 71.2441
-35.887 30.5376 33.3071
-41.1512 36.8683 36.87
-36.3233 33.1403 39.6227
15.3578 -9.70671 56.3887
-37.3423 32.349 34.127
-37.0593 36.7081 47.9339
-20.5046 31.6379 78.5749
42.9647 -33.0478 63.9435
-36.5509 31.7188 34.314
17.6068 -12.592 53.9605
-36.7974 34.8049 42.8991
-32.4429 34.6229 54.1813
2.98312 6.24009 68.4391
-31.4726 33.3906 53.0878
-31.1746 33.9995 55.6247
43.7457 -31.0714 71.2778
-7.40083 25.2479 95.2175
-36.4239 31.8803 34.1591
15.5122 -9.42988 56.7367
-29.8758 33.3268 56.9574
9.23847 -2.87536 58.5826
-34.2114 35.2231 50.5106
11.8589 -5.41727 58.2773
-28.3385 31.4816 54.8905
-35.5671 31.548 35.7567
17.988 -12.4922 54.0655
-38.7253 37.3359 43.1132
1.38651 8.58864 70.0144
38.1788 -30.8248 53.702
-35.989 35.8278 46.8994
44.5312 -29.24 77.9675
18.9145 -13.7325 52.9172
16.6502 -10.9179 54.8277
-18.9062 31.9215 82.2731
10.5735 -4.02959 58.1326
-37.2991 32.6705 33.6689
-30.0735 33.0882 54.6518
24.6189 -7.22295 86.8979
7.89634 -0.940214 59.2957
-36.334 33.9772 39.7941
15.6024 -9.00131 56.8465
-36.9196 35.0453 41.2416
26.6058 -22.1944 48.4413
-37.2709 36.2674 43.738
-35.7825 31.7594 34.5901
40.4542 -32.6668 55.6263
-40.4301 36.4934 35.4493
16.9781 -10.7869 54.9817
-38.0988 33.9106 34.2758
43.108 -32.7072 62.3422
43.7556 -30.7774 69.7515
-2.88354 13.2337 70.1537
-16.548 31.7425 86.6728
-35.3908 32.975 38.5177
-11.164 29.0094 93.447
-28.572 32.5474 55.9395
-35.1824 32.5426 37.6892
-0.114523 10.9024 70.7628
-39.3302 37.445 40.1992
-37.7183 36.5211 41.9479
-26.2068 31.7798 59.6976
18.0462 -11.6916 54.0847
-36.5847 34.8244 39.7814
-40.1384 36.9723 36.2894
-14.2306 31.2557 90.728
12.8647 5.3337 89.2936
-35.0805 32.0773 35.7473
-25.669 30.2487 56.2129
-39.7765 37.2993 37.8024
-39.5885 36.1636 35.202
16.9765 -10.0431 55.4249
-37.8887 34.3548 34.4282
-37.0394 33.3105 33.6085
-36.4049 32.8596 33.8017
-27.0663 32.1307 57.1684
-23.8921 30.9902 62.5398
-38.2452 36.8501 39.1693
-35.4249 32.3329 34.5964
43.0659 -23.9647 85.6896
35.0206 -28.0198 51.7269
27.3249 -8.57103 87.3283
44.0986 -30.3761 67.6216
-22.4805 28.2287 57.5726
-26.4986 31.8142 56.9803
-38.9973 36.517 36.0099
-21.7302 30.7101 66.6287
6.25039 2.59452 61.1751
-35.0355 33.3798 37.5761
-36.9871 35.55 38.4435
-35.3148 33.9804 38.363
-38.6017 36.8733 37.6076
-19.8776 31.9339 74.72
-36.8412 34.4537 34.9576
5.04845 4.55684 63.1322
-34.8684 32.732 35.7681
43.1221 -32.1216 60.499
-19.2949 32.5316 77.9102
-35.268 33.4949 36.4238
22.3107 -16.54 48.7357
-20.3832 31.1372 70.7094
-36.5166 33.8516 33.7966
44.4659 -27.9752 76.0633
1.72284 9.50563 68.1515
-17.813 24.977 59.6265
3.51053 6.96763 65.5317
-13.6269 22.0188 62.3517
24.6119 -5.84654 85.9262
5.93291 13.8467 92.1396
-37.4259 35.8063 36.9401
-10.2168 19.7641 64.9696
-5.18946 16.385 68.8116
-6.9068 17.5451 67.481
19.4304 -12.7313 51.3291
15.1857 -7.09254 56.1367
-35.3074 33.0947 34.7363
-35.7119 33.7973 35.388
39.6694 -30.6725 54.0667
0.0420407 11.716 69.0319
-24.5812 31.5068 59.13
39.1889 -18.9418 86.6808
35.9937 -27.8993 51.7813
-17.3185 32.8501 82.217
7.38484 12.9201 91.6269
23.1163 -3.84812 85.8115
44.2931 -25.1764 81.504
-23.3853 30.5412 58.3847
35.1363 -14.6204 86.7143
31.0046 -10.5886 86.8838
10.2461 10.3045 90.6356
2.62421 19.0044 94.9036
20.5604 -0.606863 86.7215
42.5543 -31.2612 57.5144
-15.0074 32.9429 86.89
-1.81685 23.635 95.8956
44.3609 -29.9811 66.0224
44.6021 -27.4094 74.1911
-1.80136 14.4691 68.6762
14.3415 -5.32788 55.1854
33.9038 -25.4426 50.1261
-21.3911 30.7085 61.6147
-5.12786 26.9796 95.1549
16.7902 -7.61238 54.2952
-19.1017 28.373 60.6447
18.254 -9.51158 52.487
17.7124 3.57175 88.8977
27.1321 -5.80495 87.0334
-24.3156 47.6756 101.879
-19.0375 30.428 65.9098
44.828 -27.1735 72.8251
-27.5953 51.2283 102.742
29.531 -21.0978 48.2689
12.1412 -2.48569 54.8006
44.5553 -29.6216 64.527
-16.691 31.4898 74.6646
-17.4112 30.4197 69.534
-21.0482 44.5147 100.704
-25.5098 47.9841 98.462
13.4691 -3.66588 54.6559
10.2726 -0.386067 55.3559
-0.346642 13.4119 66.1358
-22.1364 44.7049 97.5613
-28.8068 51.6001 99.3295
-30.4738 54.5531 103.353
-14.2591 25.7376 63.6624
1.62301 10.9139 63.5143
-11.4603 32.9467 91.898
38.7433 -27.7582 52.1959
41.7211 -29.5241 55.1811
45.2593 -26.8778 70.7962
-31.6919 54.965 100.202
-17.0891 29.2818 65.1877
-8.72067 31.13 93.555
-15.0015 27.0277 64.2857
3.78171 8.25989 61.0216
8.07881 2.71757 56.5429
-1.72839 15.6321 67.3179
-10.9942 23.9733 65.9836
15.436 7.40222 90.1549
5.84996 5.62598 58.5141
44.7582 -23.9891 78.7735
20.9853 -11.5505 49.7973
44.6641 -29.2037 63.2366
34.8129 -24.3716 50.1779
-15.4893 32.5128 78.1673
-32.8091 57.6721 103.992
-17.552 41.776 99.2023
-18.3768 41.6335 96.4853
30.7056 -7.76348 86.7387
42.3494 -19.259 85.1001
27.6084 -5.02797 86.0765
38.0696 -14.8035 86.1212
-33.9697 58.0993 101.206
25.2507 -15.8115 47.7393
-8.25563 31.4886 93.7687
-22.1765 48.2812 104.249
-6.79046 21.4519 68.0481
-12.0115 26.0102 66.9446
-25.4358 51.8229 105.103
16.8673 -5.63187 53.1113
-14.2363 38.1372 95.4226
8.81104 15.716 93.1415
4.59753 20.4499 95.3784
-13.9225 28.5216 68.0344
12.0424 12.1388 91.456
-18.9563 45.2439 102.862
-13.5935 38.4012 97.5196
25.1858 -1.84868 86.2632
-34.6268 60.7306 104.642
45.4485 -26.4317 69.0751
-13.8587 33.6717 82.4965
-28.3199 55.1873 105.579
34.3338 -10.2902 86.3677
-7.68666 31.8389 93.9676
-4.52873 20.0659 68.1465
-3.30835 28.2774 95.4598
44.5994 -28.5412 61.026
-11.2873 35.4795 94.4338
-25.4899 49.1223 95.2305
-35.6732 61.1198 102.187
-28.9283 52.7607 96.2132
45.0848 -23.275 76.8681
-21.8765 45.6531 94.5716
0.521675 25.065 95.8217
35.463 -23.4998 49.9277
-11.9899 33.975 87.3361
18.6256 -7.14653 51.2618
-31.8475 56.1344 97.3944
-30.737 58.261 106.022
-9.6194 33.5994 91.9484
-10.2798 35.6519 96.1197
43.8652 -19.8115 82.6842
-8.54447 24.937 69.1977
-13.5063 34.0843 82.2787
-17.958 42.3072 94.0185
-13.7265 32.8624 78.0544
-15.6755 42.6971 101.177
-11.6691 34.3422 87.4255
-11.0948 28.0464 70.6148
31.4871 -19.6057 48.3026
-34.0628 59.3054 98.729
40.8028 -26.6962 52.7024
22.7696 2.00684 86.9554
-3.99219 20.5465 67.5406
-9.32279 33.9742 92.0479
-13.7671 38.679 93.5561
-36.1055 63.8283 105.243
-11.3113 36.2788 92.8266
-32.8415 61.2458 106.488
30.5784 -5.13272 86.5066
-12.0385 39.3536 99.2137
-36.8539 64.0643 103.209
-12.2237 31.2257 74.8317
-2.22288 29.2148 95.9924
16.716 -3.54719 52.2697
43.8734 -27.0194 58.184
45.3869 -22.7459 74.5684
-6.09047 33.1255 96.2584
45.6069 -25.6221 66.5361
-35.6601 62.2897 100.096
-7.12213 25.1788 69.998
-8.83607 36.2691 97.4075
20.0211 6.18014 88.7607
44.6751 -19.7511 80.5964
41.2969 -15.0554 84.7918
-9.54514 28.4405 71.8903
0.470455 16.1006 62.9364
5.0957 10.102 58.0754
2.68728 13.2197 60.4985
28.4123 -15.3318 47.6825
-34.7431 64.3168 106.834
45.5369 -22.594 73.43
38.0109 -23.5692 49.6873
-1.09834 18.3005 64.5708
13.646 0.497527 52.8128
10.6404 3.73 53.9252
32.601 -18.7865 48.4173
17.5714 9.58546 89.9969
34.0857 -7.25878 86.0974
16.0584 -1.8871 52.1405
37.235 -10.3034 85.61
-36.9494 66.2987 105.502
-3.32729 21.4666 66.8536
7.6794 7.37091 55.8267
-37.3421 66.3608 103.951
-36.7123 64.989 101.547
29.9097 -2.888 86.1894
45.753 -22.2443 71.0154
-19.2494 49.8545 104.933
-22.537 53.3839 105.884
45.1066 -19.3459 79.0081
24.3618 -10.0967 48.988
43.0322 -25.2735 55.8214
-16.2527 46.7943 103.485
10.7767 17.8854 93.0261
14.2136 14.101 91.3561
45.5349 -24.6551 64.0326
-25.6656 56.7948 106.286
-6.35671 26.0867 69.5647
-36.0648 66.7686 106.714
-27.5662 54.5114 94.1531
-24.095 50.9095 93.1506
42.8949 -15.4075 83.4025
-30.6043 57.8877 95.5038
-20.4202 47.3718 92.7184
7.2704 22.0367 94.7249
-8.75015 29.2905 71.6531
33.5199 -18.348 48.3654
-10.6547 32.2066 74.6702
20.0748 -4.97633 50.4569
-13.3888 44.1304 101.913
-28.2606 59.7597 106.711
-16.5499 43.8495 92.3813
27.4757 0.444078 86.4883
-33.002 61.0012 97.1517
-11.1655 34.142 78.6055
-11.341 35.7089 82.523
-4.54607 34.4055 97.3559
-9.84058 36.1282 87.6203
-12.4286 40.1167 92.1443
-10.1585 40.7132 100.026
3.15855 26.7916 95.8566
-0.620114 30.5312 96.3475
-10.0335 37.7606 91.5212
-37.0749 67.0412 102.652
-7.26871 37.5692 98.4023
-30.6625 62.6404 107.278
-7.91619 35.6327 90.7804
30.5415 -14.9573 48.3712
-34.7856 63.8209 98.9951
45.1537 -18.6113 77.6901
-37.2663 68.5721 105.708
45.9116 -22.0621 68.9988
-37.4219 68.5767 104.762
44.799 -24.022 59.9197
-33.0357 65.5033 107.566
42.3165 -23.6856 53.866
24.7086 4.23723 87.0051
39.8176 -22.6585 49.803
-36.0457 66.1905 100.762
44.2647 -15.8381 81.6257
-36.8153 68.9386 106.432
-34.8901 67.6787 107.17
31.7169 -14.7232 49.2752
34.0344 -4.44599 85.6465
45.1668 -17.9297 76.4185
45.9252 -21.9193 66.6529
-37.1997 69.042 104.027
-36.5134 68.0662 102.109
37.0039 -6.95117 85.1893
40.3802 -10.3836 84.42
22.021 8.36162 88.5746
44.6892 -15.5843 80.356
-36.2059 69.7906 106.603
45.865 -21.9694 64.6445
36.7295 -19.3651 47.107
-37.0057 70.688 106.044
43.6969 -22.72 56.325
45.3401 -17.7361 75.1243
31.4939 -25.7113 13.9552
-37.0607 70.7082 105.138
31.9495 -26.1125 13.6865
31.6999 -25.3601 14.795
-36.8631 69.6837 103.784
31.0477 -25.4591 12.6537
31.4467 -25.8945 12.329
32.2523 -25.7839 14.7825
31.1578 -24.6349 14.2323
19.7064 11.7691 89.8357
34.1575 -16.4022 47.2459
28.1173 -10.1499 48.5661
32.9531 -14.3098 49.2981
30.6749 -23.9787 13.3887
30.7641 -24.9608 11.8819
32.5245 -26.1031 13.3484
31.1373 -25.4238 11.4858
42.1452 -11.0924 83.2951
32.0431 -25.9369 12.0722
32.866 -25.8544 14.4959
45.6579 -18.0708 72.0816
43.5139 -12.6929 81.842
33.2168 -14.23 49.0359
7.36582 12.7191 56.7283
16.385 16.063 91.2561
4.5583 16.168 59.0912
2.38724 18.9874 61.3632
12.7425 20.0545 92.9111
0.680861 21.2228 63.206
9.55427 23.5022 94.225
-1.43559 24.0189 65.5599
-4.45964 27.9527 68.7445
5.13991 28.0712 95.447
-6.87788 30.9697 70.9147
1.32786 31.8573 96.0365
-8.76925 33.9124 74.3149
-8.59819 35.2854 78.7939
-2.73956 36.052 97.1181
-8.51607 36.5241 82.6364
-6.29599 36.9729 90.0427
-7.7861 37.2297 86.7011
-5.59942 39.1505 98.314
-8.41846 39.1875 90.6822
-10.7825 41.5947 91.2206
-8.37846 42.2903 99.8524
-14.9684 45.592 91.4005
-11.4288 45.7762 101.657
-13.9783 48.667 103.098
-18.7424 49.2544 91.733
-16.8195 51.8211 104.508
-22.4114 52.8247 92.0852
-20.1748 55.3187 105.509
-25.772 56.3152 93.0511
-23.5608 58.6503 105.941
-28.8461 59.686 94.4537
-26.3538 61.4372 106.411
-31.4252 62.7282 96.2564
-28.9818 64.1305 107.06
-33.4734 65.367 98.3385
-31.6595 66.7609 107.389
-34.995 67.471 100.305
-33.8496 68.6772 106.972
-36.7192 71.015 104.95
-36.4204 71.3425 105.859
-36.7581 71.2034 105.651
36.2787 -18.108 45.9771
33.6901 -26.9149 12.8565
45.2286 -21.4086 60.61
31.7356 -25.5495 11.3408
32.2662 -24.5204 15.767
32.3418 -0.75236 85.1848
42.8997 -21.2214 54.2545
45.833 -18.476 70.2644
33.1834 -26.7485 11.3046
34.1252 -26.5513 14.2719
38.9077 -19.432 47.9411
10.2073 9.95723 54.8233
33.117 -25.7189 12.9268
34.5308 -27.3099 12.5429
44.5523 -13.9369 79.0921
34.1913 -15.8343 45.0859
32.9184 -24.7463 15.5204
31.2435 -24.5928 10.8011
33.406 -25.5724 13.899
30.6908 -24.0077 11.3717
32.581 -25.4825 11.6309
40.4685 -17.7179 49.4126
-35.9569 70.7068 103.599
34.8856 -26.927 13.9499
30.2894 -22.397 12.9953
30.4234 -10.5625 49.4315
32.8357 -26.1522 10.504
33.9822 -27.0837 10.8882
46.0477 -18.8306 68.1094
29.5634 2.58663 85.3369
32.2565 -25.1429 11.2904
31.7559 -11.2106 50.6945
33.3103 -14.0706 46.4498
36.3669 -17.7133 44.0492
32.2817 -11.6978 50.3681
45.8406 -19.46 64.8793
15.0031 5.28329 52.3968
-35.0239 70.7774 106.226
33.3755 -24.5224 15.0175
26.6961 6.03527 85.9739
33.5718 -26.3677 10.0073
32.2863 -24.4615 10.9501
44.2589 -20.3442 56.8352
-35.0261 69.5111 101.512
18.2585 2.22072 51.1667
30.2726 -21.9149 12.0446
30.5186 -22.0831 14.2464
35.4106 -27.2168 12.1669
32.6138 -11.5736 50.1493
34.8085 -25.624 14.9915
32.1687 -22.3964 17.1123
32.5647 -25.1669 10.0978
35.6554 -26.8474 13.4916
39.8346 -6.59201 83.9056
36.7224 -3.40767 84.5275
34.883 -26.9578 10.6308
32.9129 -22.9595 16.8815
31.7859 -22.8338 10.621
-32.9702 69.7233 106.471
21.4675 -0.778028 50.0596
31.5977 -21.6113 16.9981
43.0728 -19.6073 54.3188
38.4392 -17.6989 46.9556
-34.616 71.2808 105.631
-33.7687 68.6154 99.9323
31.0466 -22.7535 10.9137
33.194 -25.1875 9.58123
45.2587 -18.9417 60.9101
33.7681 -23.3468 16.4866
34.4577 -26.2577 9.84884
35.4217 -25.5439 14.5426
-30.5829 68.1154 106.673
36.6535 -17.4613 41.2727
34.7659 -15.2257 42.4928
-34.8843 71.2792 103.838
32.4098 -23.9867 10.1574
43.1259 -9.8842 80.7606
-34.5574 71.4569 104.721
36.0316 -26.0822 12.8377
-31.9641 66.8257 97.9675
35.9581 -26.2597 11.7882
32.4991 -9.65554 51.5495
33.1415 -11.4745 47.9954
30.4568 -20.0037 11.3003
34.4313 -23.5217 16.3385
45.6135 -16.2782 68.1301
44.4541 -11.9576 77.5635
-4.99007 38.7489 89.7147
-27.7092 65.7855 106.203
-4.28172 40.7503 97.3144
-34.0801 70.2305 101.562
34.1337 -13.8388 43.324
41.6533 -7.48618 82.5038
-6.99796 40.9934 90.4156
2.4449 33.7954 95.2312
6.24104 30.0744 94.7339
-7.05015 44.0236 98.8943
45.2126 -14.2855 71.4781
-9.29045 43.4588 91.0014
35.6126 -26.0307 10.733
-6.6969 39.4761 86.4753
32.1631 -8.93187 51.6383
33.999 -25.0735 9.48882
-1.32856 37.832 96.184
-8.11802 39.1413 81.3491
35.7471 -24.9325 13.9881
30.4211 -19.9692 14.758
32.8396 -9.61551 51.3199
44.7551 -12.326 76.0673
-7.88583 37.6348 77.411
-29.7003 64.5174 95.9492
33.2036 -20.9769 18.8718
21.5946 13.828 88.6542
45.3162 -16.5902 64.6033
-13.202 47.4149 91.1619
-24.9055 63.3328 105.489
-10.0305 47.7069 100.69
32.2207 -19.9408 19.1485
37.0438 -26.4807 13.2867
30.163 -19.9621 13.4228
32.916 -23.8256 9.69513
41.8802 -17.8827 51.6297
-7.27404 35.8069 73.4389
-5.28303 32.9829 70.3903
37.1362 -26.8639 12.0596
35.3777 -25.4711 10.2591
10.8236 25.8208 93.4308
-16.8543 51.1693 91.4196
26.1852 -3.73096 49.2411
-27.0258 61.6987 94.2004
31.3254 -19.4347 17.4856
-20.4677 54.7726 91.8295
34.8995 -15.8452 37.6228
-23.934 58.3796 92.8301
-32.3999 70.6716 105.379
-2.66587 30.0173 68.2204
-21.954 60.7474 104.934
30.1503 -19.931 12.3404
44.6039 -12.2371 74.4134
36.5312 -25.2082 14.3585
18.0051 18.1388 89.9751
14.5861 21.9422 91.6387
-12.3618 50.938 102.068
36.8717 -26.6202 10.5075
32.8035 -22.2323 10.0649
30.6416 -7.08653 50.3332
-18.514 57.6683 104.419
34.0475 -14.3134 38.2911
33.5653 -23.6742 9.6206
31.2615 -20.7805 10.574
-15.1209 54.2513 103.429
34.6352 -16.4583 33.5397
36.7796 -17.3744 36.7229
39.0242 -16.697 44.7376
35.4777 -23.3305 15.6134
44.4162 -17.5346 57.0779
34.9031 -24.4909 9.96519
-32.4659 69.5113 100.001
-33.0549 70.9265 102.389
28.7475 -5.17619 49.3652
1.15546 26.2405 65.2209
33.7763 -19.6213 20.8431
-32.4517 71.0885 103.864
41.3858 -16.7658 50.0165
34.7831 1.04046 83.8667
34.0329 -15.3727 33.8772
32.7527 -18.431 21.3727
45.0387 -16.4497 60.8336
36.3909 -25.8219 9.70609
35.8844 -23.2729 15.7489
34.6522 -21.3193 18.0627
37.7812 -25.913 13.3664
31.7829 -18.1474 19.3668
31.3312 4.47172 84.0832
32.2514 -21.2414 10.1596
37.9551 -26.3568 11.9923
33.8167 -11.3482 44.3688
3.65539 23.3631 62.8394
33.1697 -17.4955 24.2332
33.7747 -9.63226 48.9459
-29.9043 69.4701 105.071
34.2849 -18.1378 24.7783
7.56015 18.4091 58.7237
9.99059 15.3149 56.2926
5.37927 21.3283 61.1485
34.2661 -23.3509 9.89577
34.4145 -17.2534 27.941
33.0687 -7.65156 52.1915
-4.50164 33.8116 70.0534
30.545 -18.4395 13.813
36.4826 -17.3915 32.9977
42.3279 -7.05096 79.2363
43.5757 -9.2354 76.2477
31.0227 -18.0151 15.8856
33.6625 -16.1823 28.4229
44.9039 -13.4697 67.168
37.6369 -26.0792 10.3524
38.5896 -16.2877 41.5531
38.9289 -2.51955 82.554
-3.56433 41.8833 95.4874
33.8191 -22.0805 9.87217
30.5084 -18.6015 12.375
43.5006 -16.3888 54.4635
40.9874 -16.1113 48.2492
31.4071 -17.6254 17.4858
33.3581 -7.66318 51.931
35.6131 -24.3972 9.25609
-1.76362 30.8854 68.0463
-30.2747 68.0249 98.1346
32.9329 -6.93551 52.6513
-0.660409 38.9083 94.2807
44.7043 -12.1611 69.6927
12.7408 12.6579 54.2845
31.2489 -19.1882 10.6913
35.4749 -21.2346 17.6434
3.3791 35.1807 93.9521
30.7496 -18.7248 11.4077
36.5831 -22.7395 15.6956
28.9836 8.02438 84.6472
-6.48481 37.3374 72.7415
37.0265 -25.1965 9.4915
-31.08 70.2133 101.106
-6.25492 45.5129 97.1072
31.7157 -16.8332 19.2779
38.266 -25.0231 13.0667
-26.909 67.5637 104.327
35.4973 -19.9151 20.199
33.7758 -11.7682 39.1913
32.2888 -16.5596 21.0977
-5.33636 42.6419 90.6504
44.3474 -10.6477 71.442
35.7811 -19.3835 22.3854
-30.1166 70.2062 103.062
36.0266 -17.9544 27.1882
38.405 -25.4335 11.8736
-7.6432 45.2007 91.3256
37.6417 -23.804 14.1388
-3.18985 40.5055 89.8141
2.16244 27.101 65.2989
34.7199 -22.7156 9.21048
42.8279 -15.4998 52.2695
35.9245 -18.587 24.1986
32.7207 -15.4614 24.1883
-27.725 66.055 96.4206
33.6721 -12.9446 34.1999
-4.72324 34.8318 68.2941
-5.29659 41.1287 85.1045
38.0758 -25.1566 10.4165
38.3135 -16.4411 36.3965
36.1428 -23.769 9.03423
-9.18905 49.605 98.8149
16.4321 9.6934 52.4129
33.6149 -20.9027 9.7518
44.1051 -14.6204 57.362
-7.16138 39.854 75.6633
-11.3922 49.2995 91.6271
44.5038 -12.5423 64.4912
-6.92465 41.0936 79.8815
-1.96053 31.9487 66.7997
33.2897 -14.2034 28.718
40.9253 -3.42651 80.9201
-3.56795 42.7997 93.6752
-2.90467 40.7503 89.5028
44.5662 -13.6116 61.0715
-24.0096 65.4253 103.572
37.1221 -21.4461 15.4025
34.3629 -9.69303 44.2191
26.2203 12.4243 86.4064
37.457 -24.321 9.66391
-24.9172 63.515 94.8702
43.8423 -8.54365 73.1582
-5.01813 41.3997 84.7969
37.6701 -16.5273 32.7071
7.54236 32.5417 93.2646
-14.8151 53.1733 91.9997
34.3488 -7.6257 48.7355
-21.7871 60.3657 93.6123
42.2445 -14.6237 50.3597
-28.5052 68.7534 99.5768
-18.284 56.7963 92.606
31.5434 -17.5075 12.8422
35.1219 -22.0377 9.01449
37.5862 -22.5339 13.6081
-4.06625 43.1697 91.8038
44.0366 -10.4503 67.283
3.96098 36.0189 92.8122
2.74578 27.8129 65.497
19.915 6.86964 51.4182
37.9718 -23.4144 12.5275
-0.37589 39.6246 91.3049
23.4841 15.8869 87.4754
33.6983 -19.7914 9.737
-20.9829 63.0009 102.907
-6.50847 41.4995 79.8194
44.0129 -9.7021 69.3495
31.4386 -3.84942 51.5693
-27.228 68.61 101.947
32.6742 -17.6352 10.5023
32.0456 -16.6695 15.5846
31.7298 -17.8102 11.3733
41.7787 -14.5201 48.5259
37.9387 -23.5163 11.553
-6.08756 46.3948 94.7858
42.8554 -13.5174 54.1976
36.5974 -23.0182 9.26395
36.6505 -20.326 17.2272
-11.4231 53.2665 100.118
19.6255 20.2144 88.6941
-6.33043 36.607 65.2692
34.6629 -20.3022 9.55238
12.2107 28.5577 92.6055
16.43 23.8299 90.3665
32.2996 -16.14 17.1424
-6.58919 46.2811 92.6374
39.7407 -14.6452 41.892
22.7357 4.51501 50.8112
38.1018 -23.0517 12.4982
-17.639 60.1261 102.263
41.2204 -14.3114 46.3886
37.5973 -22.8356 10.6145
37.4132 -17.4279 26.7502
34.3948 -5.55729 53.0187
-4.09883 34.4369 64.0627
34.3323 -10.2922 38.9485
1.14775 29.9058 65.1568
-14.2063 56.7693 101.346
38.0388 -23.0783 11.5311
34.1804 -5.08782 53.4073
-0.177553 40.0914 90.8265
32.5603 -15.2453 19.0555
43.906 -11.3326 61.4744
35.5534 -21.3553 9.2469
-25.7851 66.8155 98.2247
37.3112 -22.258 10.2456
37.2824 -18.5721 21.8692
43.6003 -9.86531 64.589
37.4728 -18.0417 23.6839
38.3224 -22.1014 14.1507
-10.0154 50.538 93.44
34.1634 -11.3932 33.8886
-9.17899 50.693 96.1527
33.7976 -4.28499 53.5647
37.0167 -18.8543 19.7636
42.1924 -12.7638 50.7267
43.6194 -12.056 57.688
-24.3523 66.6784 100.911
32.9723 -14.574 20.9588
-7.00325 41.55 75.0766
38.9274 -22.92 12.8891
43.3779 -8.2339 67.8809
37.1768 2.3292 81.5791
33.8411 -12.6926 28.5125
-2.37607 33.1513 62.8448
37.5534 -20.5859 15.534
34.8009 -6.57716 48.8759
36.764 -21.4452 10.0567
29.2424 -0.697048 50.7101
6.97065 24.8962 64.1496
39.115 -14.7342 36.667
12.5138 17.5592 57.8412
-6.2594 36.3377 61.1017
0.0360034 40.4555 90.3657
-8.33045 38.6094 61.9976
-22.898 64.3301 96.999
33.2481 -13.6939 23.2289
38.9039 -22.9276 11.7274
34.9486 -8.12089 43.8871
34.8708 -6.59304 48.1294
-2.5236 42.4639 88.6431
10.5704 20.4425 60.2555
33.53 -13.1 25.3124
26.2059 2.37402 50.3724
34.2322 -18.3478 9.9014
41.9724 -2.94057 77.8532
36.0253 -20.3564 10.0068
-5.16155 35.4262 60.3489
-21.3555 64.2638 100.032
-19.6811 61.3187 96.0057
-12.9938 54.4414 94.2314
8.83707 23.1922 62.7909
38.8175 -21.4881 14.4677
14.9509 15.15 55.6903
38.4593 -22.3883 10.5938
-16.1785 57.9217 95.0633
35.1123 -19.4705 9.86753
43.1209 -4.67398 74.9836
-11.6773 54.4943 97.2906
-8.03908 40.4007 66.1206
-7.30975 41.4804 71.2478
37.9415 -20.0444 15.8222
41.7366 -12.3887 48.5203
37.3906 -18.9753 17.2502
34.0442 6.45307 82.1904
42.5282 -7.28543 65.319
-18.0927 61.3482 99.281
38.6005 -14.8761 32.345
41.404 -12.5821 46.6943
39.4595 -22.2109 13.1358
33.4269 -16.0082 14.5756
33.2788 -16.7708 11.262
42.9907 -8.77643 61.8481
-9.40276 40.6886 62.4006
34.8326 -8.98475 38.7529
40.2886 -12.9334 42.1892
-14.6501 57.9689 98.3586
37.9868 -21.6859 10.0229
38.1025 -16.1206 26.5904
42.7411 -5.88456 69.078
41.383 -6.74523 62.6023
42.9623 -9.6824 58.3422
33.7392 -17.3688 10.16
33.6496 -15.1576 16.7538
-9.1737 38.946 57.0287
39.4426 -22.1838 11.8813
43.04 -5.07247 71.7234
4.86848 37.6253 91.5141
38.086 -16.8561 23.4665
42.1128 -10.1556 54.0862
-11.3229 41.4307 57.9477
17.7466 12.7184 53.8831
39.5225 -5.53621 60.2352
30.9803 10.3171 82.9826
37.8561 -17.1577 21.6091
38.111 -19.3429 15.8619
37.0585 -4.04635 57.5876
39.0369 -20.6451 14.4928
37.3625 -20.7015 9.70781
33.7073 -14.1402 18.7095
35.405 -18.255 9.95543
31.6707 -0.45413 53.0144
8.4909 25.4299 64.9276
37.5994 -4.70583 56.8019
37.572 -17.3048 19.8366
38.9457 -21.7021 10.6512
38.9797 -4.52349 60.7648
39.5603 -13.1804 37.0743
8.63502 34.7658 92.0889
-4.54583 44.0841 83.0797
35.3246 -3.24397 54.3432
35.7958 -3.95505 53.4995
41.0663 -4.85794 65.266
35.5409 -5.26862 48.8907
40.5402 -5.02127 63.2917
39.5911 -21.257 13.2399
13.1842 30.2504 91.0574
41.5876 -4.71771 66.912
36.4516 -19.4658 9.63676
20.8737 21.6225 86.7648
34.7013 -2.20533 54.969
33.9442 -13.2732 20.5234
35.5235 -5.46893 47.6292
38.3956 -21.0538 10.0022
39.8334 1.39057 79.2869
35.1385 -9.87311 33.4692
34.8733 -11.4161 28.0569
41.7515 -7.28792 58.9755
39.5567 -21.2382 12.1061
34.2176 -16.689 10.6562
-12.4381 42.1996 54.3976
37.7014 -17.5331 17.593
36.0135 -7.07525 43.4892
35.5844 -5.79263 46.0271
35.8784 -8.69045 38.3668
41.4751 -9.41837 51.5711
18.4013 24.6522 87.6145
-6.23205 44.6568 78.1791
37.7882 -20.1865 9.66966
35.4863 -1.36392 58.1592
40.7063 -7.71587 53.8805
28.156 14.4612 84.1723
39.0783 -20.8839 10.9396
38.1233 -18.3243 15.7785
20.9705 10.5565 52.7743
34.2436 -12.2076 22.6933
39.1 -19.7943 13.2013
-13.2451 43.5793 55.0012
24.9369 18.0623 85.2701
29.191 2.74707 52.2167
34.6944 -16.3898 11.2774
11.4063 23.8185 64.8928
38.2809 -19.7616 10.1811
-24.6149 46.105 30.8648
-24.1281 45.7767 31.3456
39.9602 -10.6103 42.6327
34.5728 -11.6563 24.7565
35.0897 -16.0044 13.4513
41.0212 -9.26935 49.4026
38.0783 -14.2601 26.7325
35.2329 -15.6314 14.8857
-25.0561 46.2547 29.6822
-23.7791 45.2854 30.6104
36.8522 -18.9191 9.60249
-24.6584 45.8413 29.7556
35.2203 -15.0137 16.4488
4.62026 29.821 63.2827
6.33857 28.6619 64.6129
-25.9142 47.9929 32.6252
1.34135 32.0731 60.76
42.0356 -0.756231 76.6137
17.526 26.193 87.9172
-2.01695 34.3829 58.1231
15.1457 19.3587 61.294
31.7558 1.6208 55.0651
-6.16132 37.3857 55.3828
41.9866 -2.84622 70.0867
35.5718 -17.2716 10.3254
13.3956 21.9367 63.9
37.8484 -15.0017 23.0672
-8.68294 43.5976 66.4479
40.918 -9.36198 47.9684
35.0474 -13.9623 18.4092
37.3329 -15.621 19.8047
38.9223 -12.7569 32.5025
-24.333 46.866 33.0439
40.9302 -9.80252 46.6272
-7.54931 45.0402 73.6323
-23.1127 45.2514 31.4864
39.1577 -5.30102 54.8093
39.3054 -11.4531 37.2476
-25.2582 46.9417 30.4865
-8.08212 44.4956 70.4239
-26.8893 49.3733 33.1462
-27.1077 49.2744 31.6091
-23.5028 46.5597 34.0608
39.0576 -19.7344 12.1014
-23.1591 46.0277 33.2505
37.5516 -16.7981 16.3979
23.5948 8.59041 52.269
9.44254 26.3921 65.2734
-26.2835 49.6005 34.8244
-9.75177 43.4666 62.266
38.7698 -19.6085 11.1437
-14.4496 44.6459 52.5918
41.0382 1.13481 77.8754
-10.4218 41.0708 53.1806
35.0839 -13.0125 20.1359
17.1533 17.2573 59.2803
37.1987 -18.4666 9.95777
36.6429 -15.8216 16.0767
38.0522 -17.7311 14.2679
37.506 -1.10153 61.209
39.966 -6.92884 50.9222
36.8298 -16.4402 14.5124
-23.1663 45.3912 30.069
35.7241 7.23794 80.6054
36.182 -11.3941 27.4076
36.2598 -14.2476 19.0894
32.149 2.89422 57.9267
26.5513 6.09135 51.8806
-25.7153 49.7752 35.8999
36.1954 -16.9855 10.9037
-11.5828 44.0991 58.0566
-14.7528 45.2441 52.6836
36.807 -9.99546 32.9329
40.8497 -1.78246 67.9809
36.7599 -16.6795 12.9552
-24.0448 46.0227 29.3
37.2925 -12.4143 26.9444
-24.6046 46.5531 29.0796
-27.0501 49.494 30.6367
37.7687 -4.41556 51.4195
38.1945 -17.9661 12.4815
-25.4211 47.6324 29.8873
37.1898 -8.47997 37.9334
-27.3596 50.5384 33.078
36.5178 -16.8208 11.6705
39.9478 -1.53298 65.6108
-13.1292 43.6031 51.6457
18.7651 15.6244 57.4866
-22.5294 45.4438 31.176
37.5949 -18.1341 10.5482
39.1085 -1.29296 63.8627
35.3743 -12.0443 22.1638
-1.6364 44.668 86.1409
-27.5439 50.3849 31.7023
-23.988 48.2395 35.1935
41.9185 -0.62251 73.3814
-26.6485 50.9329 35.4312
36.4864 -13.2001 21.7306
38.0059 -10.9517 32.3704
35.7063 -11.592 24.1718
36.7939 -12.7729 23.6813
-13.5093 45.3021 55.073
-25.0172 50.0473 37.322
38.5167 -9.67593 37.3616
37.9528 -18.0039 11.3072
37.4638 -6.59001 43.2232
39.0482 -8.19307 42.8613
12.7085 24.5585 66.0924
-22.3539 46.2045 33.0169
-15.7156 46.239 51.257
1.70635 42.7158 88.7594
-22.5179 46.6841 33.8292
-3.66893 45.4583 81.982
9.99881 26.9642 65.4541
-25.0776 47.7777 29.5332
39.4861 -6.45052 48.4159
-27.3985 50.3715 30.703
-25.7702 51.2869 37.6818
37.4536 -4.57506 48.1253
-22.7027 45.7458 29.7159
-24.1509 50.2396 38.9595
-23.765 49.0544 36.4505
-23.159 48.0081 34.9956
37.4146 -4.77302 46.9397
-16.8133 47.2098 49.8223
33.3185 3.76846 60.5523
-23.9201 46.7501 28.8073
-15.0048 45.6335 50.0652
37.4368 -5.19029 45.5394
-15.4668 47.1876 52.9198
-5.5279 46.1689 77.4005
-22.5715 50.1169 42.0125
14.8163 22.8908 65.123
-24.8779 51.48 39.6204
-22.0865 45.9044 30.8468
-16.3894 46.8443 49.0442
-22.7401 46.3249 29.5009
-20.6343 49.6822 45.5656
39.5142 -6.31435 47.1472
39.6221 -6.86108 45.8283
-16.2728 47.8135 52.003
-24.2231 47.7981 29.3534
-23.4667 46.9416 29.0731
6.24848 39.7839 90.2462
-17.4852 48.5783 50.6388
-17.7641 47.9897 48.0949
16.702 20.8502 63.4424
-18.6832 49.2764 49.1698
-22.992 49.5071 37.871
-27.3593 51.5628 31.7875
-6.63804 46.4052 73.5245
-23.1908 51.4776 42.8828
-22.427 47.9393 34.5614
-21.5988 46.9147 33.2347
-21.9628 45.3664 28.2357
40.4078 2.81837 75.2059
37.7728 6.41364 78.4426
-22.0336 46.5316 30.6938
-25.9886 49.7372 29.4252
-8.2617 45.5247 66.1537
18.6346 18.9527 62.2642
13.282 25.3163 66.0882
-26.489 52.3278 35.3117
-22.8169 48.9084 35.8593
-21.3938 45.1596 28.7133
-22.5888 46.0365 27.9433
-27.279 51.3653 30.6338
-9.78512 45.7831 62.2565
14.2534 32.4384 89.1621
29.8793 5.86579 54.4473
40.4997 1.82054 71.7742
-19.7833 49.0676 44.2014
-21.4518 49.4792 40.8012
9.62979 37.3201 90.5092
19.7988 17.4786 60.4329
-7.33723 46.3822 70.3064
39.0356 5.06159 76.9305
1.19297 33.6584 56.4779
22.1176 13.6955 55.6037
4.2426 31.7551 59.1281
-21.7285 46.9585 31.6772
-21.2179 51.3138 46.2819
-24.8893 49.6877 28.9444
-26.5247 50.8467 29.7175
34.4768 4.45645 62.1722
32.9261 11.9551 79.7749
-25.9155 52.7469 37.3102
-20.7759 45.4585 30.1327
-16.6599 49.1704 52.1904
-22.1937 48.1608 33.672
-17.8896 50.04 51.0742
-21.6613 47.4105 32.5952
-22.1902 49.3628 37.1544
-2.99947 36.928 53.4636
29.5185 15.8477 80.9858
7.13697 30.2887 61.6953
-7.22271 40.2598 51.3593
20.0138 17.8569 60.6746
-19.1543 50.9573 49.7833
25.8233 19.7908 82.1801
-11.8934 47.0124 58.0662
-22.3897 48.9767 34.9653
-20.7003 46.6209 32.6612
-25.1161 53.112 39.4224
-24.0419 49.0771 28.8947
17.3901 21.52 63.688
-20.8678 47.1179 33.3919
15.7289 23.6043 65.2064
8.70792 29.5029 63.1048
-10.738 43.3569 49.9993
18.9876 19.633 62.3348
24.4282 12.0952 54.9184
-21.5294 48.2861 34.1186
38.7686 3.92904 69.8368
-13.355 45.6477 48.4271
-23.1221 47.8903 28.1231
27.3759 9.39134 54.3081
-21.8181 49.5543 36.5018
-22.0238 46.6635 27.3574
-21.9275 49.2588 35.1785
-14.7782 46.6712 47.2426
-15.9681 47.4758 46.1607
-13.6596 48.4318 55.2346
22.4801 24.0785 83.312
-21.0908 45.9594 27.5641
-18.792 49.1013 43.0314
-23.3676 53.4165 42.999
-20.3243 49.4814 39.7923
38.8929 5.39635 73.581
36.2486 5.11032 65.2245
11.4218 28.4246 65.0707
-20.4377 45.7308 28.1159
37.1016 5.03709 67.1227
-24.1214 50.9201 28.548
35.483 10.1972 77.2959
-15.5385 50.0327 53.5133
30.5024 7.96944 57.0424
22.8847 15.443 57.8544
-19.8726 45.9645 29.5517
19.4854 20.5476 63.1653
-21.0935 48.7084 33.9681
20.5966 19.169 62.0013
-21.2049 53.1662 46.4492
20.1665 27.0764 83.8274
-19.8714 47.0555 32.1959
-16.9171 51.3284 52.65
37.2296 8.21553 75.4173
18.2116 22.262 64.1678
0.727326 45.5027 84.0174
-20.1051 47.6227 32.987
-25.8886 51.8694 29.4282
29.2059 17.0183 78.8961
14.1176 26.6625 65.5033
18.5297 22.4002 65.1606
16.4791 24.3173 65.1163
-18.0693 52.2011 51.6339
-1.69038 46.6685 80.3958
-18.6809 52.6375 50.9765
2.04552 35.0205 56.3922
-21.2116 50.0353 36.3207
17.8317 24.363 68.5004
-2.13523 37.8863 53.0692
-21.3813 49.7322 34.7996
19.3587 22.6915 67.5701
21.002 19.7845 63.5917
-22.6546 48.6279 27.9075
4.11954 43.5844 86.6779
20.2801 21.742 67.247
-26.0804 53.1006 31.1972
30.9672 15.2976 77.6569
26.1809 20.6107 79.9972
24.9262 14.0319 57.2444
-26.1518 52.7918 30.1454
-3.43455 47.268 76.3642
-19.2216 52.9774 49.6338
19.6703 23.7417 71.1392
18.3341 29.6186 84.5132
-19.9053 50.1998 39.5911
31.2555 9.09153 59.9204
-18.0646 49.5553 42.5216
21.4304 22.0775 70.7085
17.0746 24.5782 66.0252
-20.8928 49.1818 33.6131
10.1096 38.8953 88.6708
-21.3325 47.3672 27.0797
14.6146 26.9996 66.2954
23.1941 17.3987 61.6164
27.7493 18.3987 77.0135
-4.29302 47.2482 73.2444
5.39426 33.1779 58.7263
-23.2946 49.8978 28.7428
-25.2073 53.7671 34.5527
21.6073 20.6742 66.6547
18.4137 25.4818 71.9036
7.85393 41.0591 88.1676
-5.53144 45.8403 65.3784
-5.80702 41.0856 50.5965
-4.60033 46.5359 69.823
37.3962 7.76894 71.816
22.6228 21.1452 70.1454
-24.6476 54.0495 36.3577
28.1609 11.4182 56.845
-20.2305 46.7572 27.1332
-6.98552 46.036 61.3784
22.8421 22.1808 73.53
-22.3157 49.3213 28.1408
25.7218 20.0219 74.9165
24.2912 20.8264 73.2964
21.2117 23.9134 73.8398
-20.3527 50.7097 35.8448
-21.0021 50.0067 34.079
29.5185 16.8834 75.9853
-9.39076 44.3739 49.4259
17.1066 26.34 69.4909
-23.8765 54.2811 38.5245
-9.60936 47.2901 57.2499
-19.6179 46.563 27.6337
25.7012 21.1661 77.8225
19.6024 25.6362 74.119
-20.6506 49.3844 32.6278
-19.5693 48.2072 32.3774
-19.2689 47.6686 31.6013
33.0698 13.6131 75.7964
-19.1761 46.7074 28.9414
-12.1786 46.5872 47.6952
-13.6518 47.6149 46.589
-25.0132 52.2844 29.0183
-14.9631 48.4562 45.424
-23.2367 50.8204 28.3364
25.4445 15.7036 60.6934
-21.4092 48.673 27.9207
-17.6115 49.931 42.2861
36.6227 8.76404 70.9519
14.5788 34.5991 85.8698
24.4006 21.7774 75.3918
-12.3364 49.2599 54.6809
35.3058 11.0671 73.8421
-19.473 50.8375 39.3951
-20.1056 48.9013 31.6663
32.353 10.0551 62.4466
-8.14192 46.1257 56.5868
-24.0651 52.0947 28.6461
24.0352 18.9654 65.4424
-5.32594 44.9007 60.5599
-22.1077 49.365 27.4567
-20.2948 47.9761 27.9965
-19.8432 48.3386 30.5329
-14.379 50.9418 53.1007
9.82741 31.3596 62.2873
27.9112 18.2002 73.4738
28.7084 12.9296 60.0379
-22.0082 54.443 42.0124
-19.8274 47.9966 29.1628
-4.21815 43.9829 60.1863
27.3362 18.5858 72.5057
-10.9789 48.2293 53.7704
-20.1802 48.1649 27.8848
-20.4837 50.5842 34.4317
31.8259 15.1658 74.5103
-6.95865 45.3436 56.1263
12.6094 30.0535 65.1329
35.2122 10.0176 68.6236
22.33 24.4891 75.4887
-19.5634 48.2014 29.4158
-3.49098 45.1131 64.7866
-19.907 49.7464 33.1617
15.138 28.3636 66.8768
-19.9781 54.1792 45.6904
34.298 12.3854 72.6427
26.3417 17.0229 64.3325
-17.1746 53.321 50.6513
-16.2066 52.6987 51.6226
3.14062 45.1693 82.6804
-19.0359 48.6926 32.0745
-1.884 39.8776 53.394
-18.4047 53.9052 48.9879
5.78145 43.3662 84.4494
-20.7381 48.6253 26.9911
9.54352 40.3743 86.0043
33.863 10.6701 65.9442
2.70856 36.9138 57.0105
25.629 19.4916 69.0369
-3.05269 43.3176 59.8567
-9.9581 47.7066 53.2287
-19.1947 51.6201 39.3857
-12.8273 49.9544 51.715
-17.3162 50.8837 42.2945
-18.7014 48.4008 31.2216
-24.5542 53.2755 29.3779
0.59787 46.6035 78.8902
-2.15755 45.8844 69.1999
29.8513 16.7818 72.0805
-5.86476 44.8145 55.723
-21.9378 50.2167 27.3515
-1.84883 43.9965 64.3008
-20.1394 51.1215 34.5405
-19.6165 47.9574 27.033
29.4371 14.2605 63.2782
-8.98817 45.5686 49.0741
-0.68646 46.8403 75.52
21.0862 26.4922 75.851
-11.8052 47.6858 47.509
-1.29709 46.6146 73.0585
-14.2393 49.3376 45.4645
-5.62189 43.0369 50.6915
23.2936 25.6329 79.2397
-1.51926 45.3909 68.6834
27.8733 17.6285 68.1407
-19.0092 47.7609 27.3762
-19.9986 51.6222 35.913
23.0751 25.408 77.3788
32.5411 14.1037 70.4059
-19.4862 50.3286 33.1669
-18.4257 47.7822 28.5952
-22.5585 51.7865 28.5866
30.8359 14.7339 66.9853
21.9428 27.2611 79.1298
-20.9599 54.8693 41.3772
-14.2863 51.5597 49.9734
-22.3162 54.9705 37.8351
-19.1483 52.6281 39.5875
-24.1688 54.035 29.8861
-18.4521 49.4357 32.0981
6.48472 35.5192 59.7838
-20.4241 49.5321 26.7266
-22.8899 54.9039 35.6097
7.10323 42.6585 82.0981
18.6683 29.1066 74.263
-21.5926 50.9941 27.6254
-23.9837 54.3123 30.5806
8.65774 41.4442 82.622
-23.3876 54.7634 33.5287
-5.56643 43.9622 50.9088
-1.84139 41.4692 53.8231
-15.4464 52.569 48.8529
6.12656 43.4596 81.4359
-23.6953 54.5881 31.9957
-18.7182 54.4159 44.2402
20.4648 29.2514 79.1933
-16.5353 53.365 47.8722
-8.7418 46.4466 49.0554
1.32119 41.9349 63.4886
13.5879 36.9895 82.6777
-18.1037 49.1666 31.1582
-8.14428 47.1203 52.5184
-11.4955 48.6117 47.4939
-20.0591 52.6874 35.974
-19.3756 50.9992 32.8956
17.9202 29.4655 72.2926
-10.9909 49.3263 50.8189
16.9966 29.669 70.2424
-20.424 54.8777 41.0742
-3.95491 44.1837 55.0227
-17.0828 52.2421 42.4992
15.0736 30.6754 67.7824
-19.3173 48.9625 26.7591
19.7997 29.3297 76.721
-14.16 50.5682 45.4526
-20.1376 52.4005 34.1832
3.51666 45.2678 78.127
13.0533 32.0457 65.8051
7.49037 42.4722 80.8562
-0.218114 42.2503 58.8806
17.8483 32.512 79.9624
-18.8905 53.2966 39.77
-21.2939 51.6858 27.9919
-18.5281 48.6372 27.0526
10.2605 33.8449 62.8964
-14.2225 52.1351 48.4677
-17.9222 48.6217 28.3607
-22.5094 53.1334 28.8605
1.80812 43.5812 67.7262
-17.0882 52.87 42.8782
-19.7108 51.8629 32.4755
12.0396 38.5702 80.9133
2.61037 41.3463 63.1046
-6.09004 45.5881 51.438
2.37412 39.8638 57.959
5.8853 43.4262 77.6537
-15.6456 53.1661 47.3064
2.15716 45.8363 74.7079
-19.6471 54.6536 40.5843
-18.1872 50.2978 31.867
10.0945 40.0303 79.5255
-2.31262 43.0651 54.2565
1.81063 45.4576 72.4592
18.1851 31.7949 77.5012
-17.7168 54.0563 43.9093
-20.0391 50.4239 26.8809
-20.2407 51.2756 27.8331
17.7394 31.5392 75.245
-9.07533 47.9852 49.6404
-18.9255 53.9587 40.0229
7.95472 41.3366 76.6243
-21.0402 55.0354 37.0632
-19.6986 53.5415 36.4272
-19.2602 51.6205 31.4995
-21.1553 51.9472 27.6404
1.44295 41.3406 58.5375
9.2919 40.0691 75.8117
-17.8838 50.0867 30.9783
4.33171 41.4726 66.7417
-11.2953 49.8524 48.306
16.5273 34.046 78.5345
6.39115 42.0307 73.93
7.92344 40.4705 73.5097
5.46611 41.9905 71.1976
11.6783 38.6137 77.5948
4.56824 43.9381 74.2602
-19.072 50.0222 26.9024
3.97347 43.7311 71.775
17.0483 31.9439 73.1316
6.8089 40.7275 70.6323
-19.3048 52.7853 33.4085
17.1091 32.8928 75.9769
5.50514 38.8076 61.3496
-18.9792 51.2918 30.3757
-19.766 53.4653 34.6405
4.33219 40.2217 62.1017
-12.6494 51.1312 47.3298
-20.2378 54.8291 37.1401
16.1388 32.3194 71.2094
-19.6996 54.2342 36.7698
-22.0598 53.9347 29.3397
-21.4241 54.7903 33.3031
-18.3032 49.6466 27.0404
9.82301 35.7293 63.6089
-18.9828 51.0745 29.0591
-17.8074 49.6218 28.1822
-19.3316 51.0728 28.1189
14.5478 33.1948 68.9838
-14.1166 52.3963 46.2768
8.39532 37.538 64.5962
6.8567 39.2951 65.1883
-20.0788 51.7799 27.354
-18.3243 51.5573 31.4168
15.576 35.1799 76.8755
10.7552 38.9619 74.6783
9.24617 39.7121 72.726
-21.7838 54.2921 29.9965
12.6872 34.4508 66.6993
-20.7836 52.5376 27.608
-21.5927 54.4827 30.879
15.812 34.1673 73.9968
-19.7252 54.1709 34.775
-20.1453 54.4748 32.8852
9.91793 38.1731 69.3021
11.4057 36.452 68.2211
-19.1495 53.2039 33.2411
13.5292 36.6236 74.2313
13.1071 35.8191 70.4191
11.5415 37.6598 71.3918
-18.2685 52.3583 32.2766
-18.2105 51.1867 29.0064
-20.3907 52.995 27.8879
-19.4589 53.9956 33.1669
-19.5445 52.2775 27.4352
-18.4675 51.3519 27.9494
-20.2482 53.3497 28.5028
-17.9039 52.1616 31.4223
-18.2679 52.9889 32.2411
-19.7695 54.0107 30.292
-19.9377 53.737 29.294
-18.5944 53.5812 31.4989
-19.1028 52.9987 28.0682
-17.7144 51.8442 29.2288
-18.0812 51.9742 28.0958
-17.805 52.9393 31.4841
-18.2891 53.2115 29.7851
-18.5995 53.1867 28.7555
-17.9489 52.6287 28.4662
-17.5345 52.6216 29.4828
